0 1 1 212.36 212.18 -0.389158 -0.921171 0.798189 -0.602407 1 100110101011000110001110 001111000100011101110001 3 0 1 1 0 0 0 1 1 0 0 0 0 0 1 1 0 0 0 0 14 1 16 1 16 
0 2 1 212.9 220.08 -0.49914 -0.866521 0.716075 -0.698023 1 100110101011000110001110 001111000100011101110001 3 0 1 1 0 0 0 1 1 0 0 0 0 0 1 1 0 0 0 0 14 1 16 1 16 1 16 1 16 1 16 
0 3 1 212.939 227.122 0.926932 0.37523 0.664139 0.74761 1 100110101011000110001110 001111000100011101110001 3 0 1 1 0 0 0 1 1 0 0 0 0 0 1 1 0 0 0 0 14 1 16 1 16 1 16 1 16 
0 4 1 212.68 233.92 -0.290221 -0.95696 -0.367632 -0.929971 1 100110101011000110001110 001111000100011101110001 3 0 1 1 0 0 0 1 1 0 0 0 0 0 1 1 0 0 0 0 14 1 16 1 16 1 16 1 16 1 16 
0 5 1 212.857 241.51 -0.771693 -0.635995 0.683883 0.729592 1 100110101011000110001110 001111000100011101110001 3 0 1 1 0 0 0 1 1 0 0 0 0 0 1 1 0 0 0 0 14 1 16 1 16 1 16 
0 6 1 213.392 248.294 -0.971663 0.236371 0.914812 -0.40388 1 100110101011000110001110 001111000100011101110001 3 0 1 1 0 0 0 1 1 0 0 0 0 0 1 1 0 0 0 0 14 1 16 1 16 1 16 1 16 1 16 
0 7 1 213.08 254.96 -0.688483 0.725252 0.544548 -0.83873 1 100110101011000110001110 001111000100011101110001 3 0 1 1 0 0 0 1 1 0 0 0 0 0 1 1 0 0 0 0 14 1 16 1 16 1 16 1 16 
0 8 1 212.588 262.843 -0.769707 -0.638398 0.0132732 0.999912 1 100110101011000110001110 001111000100011101110001 3 0 1 1 0 0 0 1 1 0 0 0 0 0 1 1 0 0 0 0 14 1 16 1 16 1 16 1 16 
0 9 1 212.408 270.122 0.764157 -0.645031 0.744049 -0.668125 1 100110101011000110001110 001111000100011101110001 3 0 1 1 0 0 0 1 1 0 0 0 0 0 1 1 0 0 0 0 14 1 16 1 16 1 16 1 16 
0 10 1 212.872 276.511 -0.989484 -0.144644 -0.00804803 -0.999968 1 100110101011000110001110 001111000100011101110001 3 0 1 1 0 0 0 1 1 0 0 0 0 0 1 1 0 0 0 0 14 1 16 1 16 1 16 1 16 
0 11 1 212.438 282.458 0.898256 -0.439472 -0.761243 -0.648466 1 100110101011000110001110 001111000100011101110001 3 0 1 1 0 0 0 1 1 0 0 0 0 0 1 1 0 0 0 0 14 1 16 1 16 
0 12 1 218.588 212.529 0.0137955 0.999905 -0.184643 0.982806 1 100110101011000110001110 001111000100011101110001 3 0 1 1 0 0 0 1 1 0 0 0 0 0 1 1 0 0 0 0 14 1 16 1 16 1 16 1 16 
0 13 1 220.245 219.449 0.969911 0.243458 0.252205 -0.967674 1 100110101011000110001110 001111000100011101110001 3 0 1 1 0 0 0 1 1 0 0 0 0 0 1 1 0 0 0 1 16 1 16 1 16 1 16 1 16 1 16 
0 14 1 219.2 226.84 -0.31427 -0.949334 0.210646 0.977562 1 100110101011000110001110 001111000100011101110001 3 0 1 1 0 0 0 1 1 0 0 0 0 0 1 1 0 0 0 1 16 1 16 1 16 1 16 1 16 1 16 
0 15 1 220.32 234.64 -0.489413 0.872052 0.566153 0.8243 1 100110101011000110001110 001111000100011101110001 3 0 1 1 0 0 0 1 1 0 0 0 0 0 1 1 0 0 0 1 16 1 16 1 16 1 16 1 16 1 16 1 16 
0 16 1 219.24 241.12 -0.802811 -0.596234 -0.999661 -0.0260172 1 100110101011000110001110 001111000100011101110001 3 0 1 1 0 0 0 1 1 0 0 0 0 0 1 1 0 0 0 1 16 1 16 1 16 1 16 1 16 1 16 1 16 
0 17 1 220.551 248.735 -0.996641 -0.0818966 0.838641 0.544684 1 100110101011000110001110 001111000100011101110001 3 0 1 1 0 0 0 1 1 0 0 0 0 0 1 1 0 0 0 1 16 1 16 1 16 1 16 1 16 
0 18 1 220.82 255.64 -0.998725 0.0504888 0.686624 0.727013 1 100110101011000110001110 001111000100011101110001 3 0 1 1 0 0 0 1 1 0 0 0 0 0 1 1 0 0 0 1 16 1 16 1 16 1 16 1 16 1 16 
0 19 1 219.7 261.62 0.784606 -0.619995 -0.0643823 0.997925 1 100110101011000110001110 001111000100011101110001 3 0 1 1 0 0 0 1 1 0 0 0 0 0 1 1 0 0 0 1 16 1 16 1 16 1 16 1 16 1 16 
0 20 1 219.76 268.78 -0.884146 -0.467211 0.918041 0.396485 1 100110101011000110001110 001111000100011101110001 3 0 1 1 0 0 0 1 1 0 0 0 0 0 1 1 0 0 0 1 16 1 16 1 16 1 16 1 16 1 16 
0 21 1 219.625 275.833 -0.949459 -0.313891 -0.999579 -0.02902 1 100110101011000110001110 001111000100011101110001 3 0 1 1 0 0 0 1 1 0 0 0 0 0 1 1 0 0 0 1 16 1 16 1 16 1 16 1 16 1 16 
0 22 1 220.235 283.647 0.998247 0.0591837 0.711933 0.702247 1 100110101011000110001110 001111000100011101110001 3 0 1 1 0 0 0 1 1 0 0 0 0 0 1 1 0 0 0 0 14 1 16 1 16 1 16 1 16 
0 23 1 226.49 213.306 0.84229 0.539024 0.315133 0.949048 1 100110101011000110001110 001111000100011101110001 3 0 1 1 0 0 0 1 1 0 0 0 0 0 1 1 0 0 0 0 14 1 16 1 16 1 16 1 16 1 16 
0 24 1 226.519 219.692 -0.641918 0.766774 -0.503871 -0.863779 1 100110101011000110001110 001111000100011101110001 3 0 1 1 0 0 0 1 1 0 0 0 0 0 1 1 0 0 0 1 16 1 16 1 16 1 16 
0 25 1 226.294 227.176 0.47805 0.878333 0.892164 0.451711 1 100110101011000110001110 001111000100011101110001 3 0 1 1 0 0 0 1 1 0 0 0 0 0 1 1 0 0 0 1 16 1 16 1 16 1 16 1 16 1 16 1 16 
0 26 1 227.449 233.633 0.0293541 0.999569 -0.407225 -0.913328 1 100110101011000110001110 001111000100011101110001 3 0 1 1 0 0 0 1 1 0 0 0 0 0 1 1 0 0 0 1 16 1 16 1 16 1 16 1 16 1 16 
0 27 1 226.532 240.596 0.99403 -0.109111 -0.997892 -0.0648918 1 100110101011000110001110 001111000100011101110001 3 0 1 1 0 0 0 1 1 0 0 0 0 0 1 1 0 0 0 1 16 1 16 1 16 1 16 1 16 
0 28 1 227.292 247.167 0.663617 0.748072 -0.501187 0.865339 1 100110101011000110001110 001111000100011101110001 3 0 1 1 0 0 0 1 1 0 0 0 0 0 1 1 0 0 0 1 16 1 16 1 16 1 16 1 16 1 16 
0 29 1 227.184 254.449 -0.999493 0.0318345 -0.985948 0.167054 1 100110101011000110001110 001111000100011101110001 3 0 1 1 0 0 0 1 1 0 0 0 0 0 1 1 0 0 0 1 16 1 16 1 16 1 16 1 16 1 16 
0 30 1 227.87 263 -0.901177 -0.433451 0.979804 -0.19996 1 100110101011000110001110 001111000100011101110001 3 0 1 1 0 0 0 1 1 0 0 0 0 0 1 1 0 0 0 1 16 1 16 1 16 1 16 1 16 1 16 1 16 
0 31 1 226.298 268.553 0.826984 -0.562226 0.700646 0.713509 1 100110101011000110001110 001111000100011101110001 3 0 1 1 0 0 0 1 1 0 0 0 0 0 1 1 0 0 0 1 16 1 16 1 16 1 16 1 16 1 16 
0 32 1 226.042 275.75 0.991161 -0.132666 -0.987167 -0.159689 1 100110101011000110001110 001111000100011101110001 3 0 1 1 0 0 0 1 1 0 0 0 0 0 1 1 0 0 0 1 16 1 16 1 16 1 16 1 16 1 16 
0 33 1 227.02 282.647 0.931649 0.36336 0.954314 -0.298807 1 100110101011000110001110 001111000100011101110001 3 0 1 1 0 0 0 1 1 0 0 0 0 0 1 1 0 0 0 0 14 1 16 1 16 1 16 1 16 1 16 
0 34 1 234.72 213.22 0.721395 0.692524 0.168748 0.985659 1 100110101011000110001110 001111000100011101110001 3 0 1 1 0 0 0 1 1 0 0 0 0 0 1 1 0 0 0 0 14 1 16 1 16 1 16 1 16 
0 35 1 233.286 220.449 0.97318 0.230047 0.726861 -0.686785 1 100110101011000110001110 001111000100011101110001 3 0 1 1 0 0 0 1 1 0 0 0 0 0 1 1 0 0 0 1 16 1 16 1 16 1 16 1 16 1 16 
0 36 1 234.265 226.714 0.946475 0.322776 -0.984616 0.174733 1 100110101011000110001110 001111000100011101110001 3 0 1 1 0 0 0 1 1 0 0 0 0 0 1 1 0 0 0 1 16 1 16 1 16 1 16 1 16 1 16 1 16 
0 37 1 234.76 233.78 0.0293534 -0.999569 0.678899 0.734232 1 100110101011000110001110 001111000100011101110001 3 0 1 1 0 0 0 1 1 0 0 0 0 0 1 1 0 0 0 1 16 1 16 1 16 1 16 1 16 1 16 
0 38 1 233.412 240.529 -0.0826608 0.996578 -0.986359 -0.164609 1 100110101011000110001110 001111000100011101110001 3 0 1 1 0 0 0 1 1 0 0 0 0 0 1 1 0 0 0 1 16 1 16 1 16 1 16 1 16 1 16 
0 39 1 233.673 247.98 0.999402 0.0345704 -0.543251 0.83957 1 100110101011000110001110 001111000100011101110001 3 0 1 1 0 0 0 1 1 0 0 0 0 0 1 1 0 0 0 1 16 1 16 1 16 1 16 1 16 1 16 1 16 
0 40 1 233.583 255.625 -0.738388 0.674376 0.951477 0.30772 1 100110101011000110001110 001111000100011101110001 3 0 1 1 0 0 0 1 1 0 0 0 0 0 1 1 0 0 0 1 16 1 16 1 16 1 16 1 16 1 16 
0 41 1 234.44 261.98 -0.902894 0.429862 -0.978942 0.20414 1 100110101011000110001110 001111000100011101110001 3 0 1 1 0 0 0 1 1 0 0 0 0 0 1 1 0 0 0 1 16 1 16 1 16 1 16 1 16 1 16 
0 42 1 232.846 269.885 -0.877953 -0.478747 0.756968 0.653451 1 100110101011000110001110 001111000100011101110001 3 0 1 1 0 0 0 1 1 0 0 0 0 0 1 1 0 0 0 1 16 1 16 1 16 1 16 1 16 1 16 1 16 
0 43 1 234.122 276.265 0.519804 0.854286 -0.384029 0.923321 1 100110101011000110001110 001111000100011101110001 3 0 1 1 0 0 0 1 1 0 0 0 0 0 1 1 0 0 0 1 16 1 16 1 16 1 16 1 16 1 16 1 16 1 16 
0 44 1 234.06 283.12 -0.921607 -0.388124 -0.30847 -0.951234 1 100110101011000110001110 001111000100011101110001 3 0 1 1 0 0 0 1 1 0 0 0 0 0 1 1 0 0 0 0 14 1 16 1 16 1 16 1 16 
0 45 1 241.816 213.939 -0.963364 0.268197 0.705457 0.708753 1 100110101011000110001110 001111000100011101110001 3 0 1 1 0 0 0 1 1 0 0 0 0 0 1 1 0 0 0 0 14 1 16 1 16 1 16 1 16 
0 46 1 240.583 220.438 -0.333168 0.942867 -0.477947 0.878389 1 100110101011000110001110 001111000100011101110001 3 0 1 1 0 0 0 1 1 0 0 0 0 0 1 1 0 0 0 1 16 1 16 1 16 1 16 1 16 1 16 1 16 
0 47 1 241.571 227.571 -0.431386 0.902167 0.569696 -0.821856 1 100110101011000110001110 001111000100011101110001 3 0 1 1 0 0 0 1 1 0 0 0 0 0 1 1 0 0 0 1 16 1 16 1 16 1 16 1 16 1 16 
0 48 1 242.038 233.865 0.393148 0.919475 -0.0471578 0.998887 1 100110101011000110001110 001111000100011101110001 3 0 1 1 0 0 0 1 1 0 0 0 0 0 1 1 0 0 0 1 16 1 16 1 16 1 16 1 16 1 16 
0 49 1 240.957 241.362 0.411769 0.911288 -0.274721 0.961524 1 100110101011000110001110 001111000100011101110001 3 0 1 1 0 0 0 1 1 0 0 0 0 0 1 1 0 0 0 1 16 1 16 1 16 1 16 1 16 1 16 1 16 
0 50 1 240.157 248.216 0.388678 0.921374 0.850232 -0.526407 1 100110101011000110001110 001111000100011101110001 3 0 1 1 0 0 0 1 1 0 0 0 0 0 1 1 0 0 0 1 16 1 16 1 16 1 16 1 16 1 16 
0 51 1 240.6 255.1 0.822683 0.5685 0.854473 -0.519497 1 100110101011000110001110 001111000100011101110001 3 0 1 1 0 0 0 1 1 0 0 0 0 0 1 1 0 0 0 1 16 1 16 1 16 1 16 1 16 1 16 1 16 
0 52 1 241.327 262.224 -0.885777 -0.464112 0.993619 0.112789 1 100110101011000110001110 001111000100011101110001 3 0 1 1 0 0 0 1 1 0 0 0 0 0 1 1 0 0 0 1 16 1 16 1 16 1 16 1 16 1 16 1 16 
0 53 1 240.882 269.078 0.749659 -0.661824 -0.662035 0.749473 1 100110101011000110001110 001111000100011101110001 3 0 1 1 0 0 0 1 1 0 0 0 0 0 1 1 0 0 0 1 16 1 16 1 16 1 16 1 16 1 16 1 16 
0 54 1 240.98 276.16 -0.492631 -0.870238 -0.990645 -0.136466 1 100110101011000110001110 001111000100011101110001 3 0 1 1 0 0 0 1 1 0 0 0 0 0 1 1 0 0 0 1 16 1 16 1 16 1 16 1 16 1 16 
0 55 1 240.633 283.531 0.487078 0.873358 0.158533 0.987354 1 100110101011000110001110 001111000100011101110001 3 0 1 1 0 0 0 1 1 0 0 0 0 0 1 1 0 0 0 0 14 1 16 1 16 1 16 1 16 1 16 
0 56 1 249.163 213.02 0.219257 0.975667 0.036188 -0.999345 1 100110101011000110001110 001111000100011101110001 3 0 1 1 0 0 0 1 1 0 0 0 0 0 1 1 0 0 0 0 14 1 16 1 16 1 16 1 16 
0 57 1 248.261 219.587 -0.827215 0.561886 0.946869 0.32162 1 100110101011000110001110 001111000100011101110001 3 0 1 1 0 0 0 1 1 0 0 0 0 0 1 1 0 0 0 1 16 1 16 1 16 1 16 1 16 1 16 
0 58 1 247.86 225.78 0.47799 0.878365 0.107221 -0.994235 1 100110101011000110001110 001111000100011101110001 3 0 1 1 0 0 0 1 1 0 0 0 0 0 1 1 0 0 0 1 16 1 16 1 16 1 16 1 16 
0 59 1 249.184 233.531 -0.948024 0.3182 0.781177 -0.62431 1 100110101011000110001110 001111000100011101110001 3 0 1 1 0 0 0 1 1 0 0 0 0 0 1 1 0 0 0 1 16 1 16 1 16 1 16 1 16 1 16 1 16 
0 60 1 247.48 240.28 -0.957344 0.288949 0.85433 -0.519731 1 100110101011000110001110 001111000100011101110001 3 0 1 1 0 0 0 1 1 0 0 0 0 0 1 1 0 0 0 1 16 1 16 1 16 1 16 1 16 
0 61 1 247.469 248 0.659481 -0.751721 0.268228 -0.963355 1 100110101011000110001110 001111000100011101110001 3 0 1 1 0 0 0 1 1 0 0 0 0 0 1 1 0 0 0 1 16 1 16 1 16 1 16 1 16 1 16 1 16 1 16 
0 62 1 247.408 255.184 0.411976 -0.911195 -0.967617 0.252422 1 100110101011000110001110 001111000100011101110001 3 0 1 1 0 0 0 1 1 0 0 0 0 0 1 1 0 0 0 1 16 1 16 1 16 1 16 1 16 1 16 
0 63 1 248.708 261.458 -0.72846 0.685089 -0.195111 -0.980781 1 100110101011000110001110 001111000100011101110001 3 0 1 1 0 0 0 1 1 0 0 0 0 0 1 1 0 0 0 1 16 1 16 1 16 1 16 1 16 
0 64 1 248.24 268.88 0.260867 -0.965375 -0.970559 0.240864 1 100110101011000110001110 001111000100011101110001 3 0 1 1 0 0 0 1 1 0 0 0 0 0 1 1 0 0 0 1 16 1 16 1 16 1 16 1 16 1 16 
0 65 1 247.863 275.608 -0.88624 -0.463226 0.0510088 0.998698 1 100110101011000110001110 001111000100011101110001 3 0 1 1 0 0 0 1 1 0 0 0 0 0 1 1 0 0 0 1 16 1 16 1 16 1 16 1 16 1 16 1 16 
0 66 1 247.854 282.688 -0.911467 -0.411373 0.58923 -0.807965 1 100110101011000110001110 001111000100011101110001 3 0 1 1 0 0 0 1 1 0 0 0 0 0 1 1 0 0 0 0 14 1 16 1 16 1 16 1 16 1 16 
0 67 1 255.479 212.896 -0.197542 -0.980295 -0.990071 0.14057 1 100110101011000110001110 001111000100011101110001 3 0 1 1 0 0 0 1 1 0 0 0 0 0 1 1 0 0 0 0 14 1 16 1 16 1 16 
0 68 1 255.694 220.286 0.678077 -0.734991 0.669012 0.743251 1 100110101011000110001110 001111000100011101110001 3 0 1 1 0 0 0 1 1 0 0 0 0 0 1 1 0 0 0 1 16 1 16 1 16 1 16 1 16 1 16 1 16 
0 69 1 254.958 227.75 0.606932 0.794753 0.125078 -0.992147 1 100110101011000110001110 001111000100011101110001 3 0 1 1 0 0 0 1 1 0 0 0 0 0 1 1 0 0 0 1 16 1 16 1 16 1 16 1 16 1 16 1 16 
0 70 1 256.25 235.521 -0.531457 -0.847086 -0.987058 -0.160366 1 100110101011000110001110 001111000100011101110001 3 0 1 1 0 0 0 1 1 0 0 0 0 0 1 1 0 0 0 1 16 1 16 1 16 1 16 1 16 
0 71 1 253.941 241.706 -0.025631 -0.999671 0.83046 0.557079 1 100110101011000110001110 001111000100011101110001 3 0 1 1 0 0 0 1 1 0 0 0 0 0 1 1 0 0 0 1 16 1 16 1 16 1 16 1 16 1 16 
0 72 1 255.06 247.98 -0.172826 0.984952 0.910693 0.413084 1 100110101011000110001110 001111000100011101110001 3 0 1 1 0 0 0 1 1 0 0 0 0 0 1 1 0 0 0 1 16 1 16 1 16 1 16 1 16 1 16 
0 73 1 254.62 255.24 0.747896 -0.663816 0.935159 0.354227 1 100110101011000110001110 001111000100011101110001 3 0 1 1 0 0 0 1 1 0 0 0 0 0 1 1 0 0 0 1 16 1 16 1 16 1 16 1 16 1 16 1 16 
0 74 1 254.86 262.68 -0.800442 0.59941 -0.593542 0.804803 1 100110101011000110001110 001111000100011101110001 3 0 1 1 0 0 0 1 1 0 0 0 0 0 1 1 0 0 0 1 16 1 16 1 16 1 16 1 16 1 16 
0 75 1 255.875 268.792 -0.752125 0.65902 -0.999367 -0.0355858 1 100110101011000110001110 001111000100011101110001 3 0 1 1 0 0 0 1 1 0 0 0 0 0 1 1 0 0 0 1 16 1 16 1 16 1 16 1 16 1 16 1 16 
0 76 1 254.481 276.596 0.907938 -0.419105 -0.696183 -0.717864 1 100110101011000110001110 001111000100011101110001 3 0 1 1 0 0 0 1 1 0 0 0 0 0 1 1 0 0 0 1 16 1 16 1 16 1 16 1 16 
0 77 1 255.7 283.56 0.418925 0.908021 -0.107866 -0.994165 1 100110101011000110001110 001111000100011101110001 3 0 1 1 0 0 0 1 1 0 0 0 0 0 1 1 0 0 0 0 14 1 16 1 16 1 16 1 16 
0 78 1 262.061 213.286 -0.0109846 0.99994 -0.330056 -0.943961 1 100110101011000110001110 001111000100011101110001 3 0 1 1 0 0 0 1 1 0 0 0 0 0 1 1 0 0 0 0 14 1 16 1 16 1 16 1 16 
0 79 1 262.64 220.18 0.80524 0.592949 -0.724296 -0.68949 1 100110101011000110001110 001111000100011101110001 3 0 1 1 0 0 0 1 1 0 0 0 0 0 1 1 0 0 0 1 16 1 16 1 16 1 16 1 16 1 16 
0 80 1 261.98 227.143 -0.685485 0.728087 0.185607 0.982624 1 100110101011000110001110 001111000100011101110001 3 0 1 1 0 0 0 1 1 0 0 0 0 0 1 1 0 0 0 1 16 1 16 1 16 1 16 1 16 1 16 
0 81 1 262.196 233.353 -0.910933 0.412554 -0.995286 0.0969884 1 100110101011000110001110 001111000100011101110001 3 0 1 1 0 0 0 1 1 0 0 0 0 0 1 1 0 0 0 1 16 1 16 1 16 1 16 1 16 1 16 
0 82 1 262 241.102 0.877819 -0.478992 -0.209529 -0.977802 1 100110101011000110001110 001111000100011101110001 3 0 1 1 0 0 0 1 1 0 0 0 0 0 1 1 0 0 0 1 16 1 16 1 16 1 16 1 16 1 16 1 16 
0 83 1 262.1 247.94 -0.844583 0.535425 -0.63828 0.769804 1 100110101011000110001110 001111000100011101110001 3 0 1 1 0 0 0 1 1 0 0 0 0 0 1 1 0 0 0 1 16 1 16 1 16 1 16 1 16 1 16 
0 84 1 261.88 254.74 -0.216564 0.976268 0.367052 0.9302 1 100110101011000110001110 001111000100011101110001 3 0 1 1 0 0 0 1 1 0 0 0 0 0 1 1 0 0 0 1 16 1 16 1 16 1 16 1 16 1 16 1 16 
0 85 1 262.396 261.667 -0.0107602 0.999942 -0.490792 0.871277 1 100110101011000110001110 001111000100011101110001 3 0 1 1 0 0 0 1 1 0 0 0 0 0 1 1 0 0 0 1 16 1 16 1 16 1 16 1 16 1 16 
0 86 1 262.714 268.98 -0.364515 -0.931198 0.410989 0.91164 1 100110101011000110001110 001111000100011101110001 3 0 1 1 0 0 0 1 1 0 0 0 0 0 1 1 0 0 0 0 14 1 16 1 16 1 16 1 16 1 16 1 16 
0 87 1 261.265 275.735 0.665672 -0.746244 0.994781 0.102029 1 100110101011000110001110 001111000100011101110001 3 0 1 1 0 0 0 1 1 0 0 0 0 0 1 1 0 0 0 0 14 1 16 1 16 1 16 1 16 1 16 1 16 1 16 
0 88 1 262.059 283.333 0.477064 0.878868 0.945687 0.32508 1 100110101011000110001110 001111000100011101110001 3 0 1 1 0 0 0 1 1 0 0 0 0 0 1 1 0 0 0 0 14 1 16 1 16 1 16 
0 89 1 269.42 214.18 -0.614748 0.788723 0.360779 -0.932651 1 100110101011000110001110 001111000100011101110001 3 0 1 1 0 0 0 1 1 0 0 0 0 0 1 1 0 0 0 0 14 1 16 1 16 1 16 1 16 
0 90 1 269.878 220.98 -0.0785214 -0.996912 -0.867113 -0.498112 1 100110101011000110001110 001111000100011101110001 3 0 1 1 0 0 0 1 1 0 0 0 0 0 1 1 0 0 0 0 14 1 16 1 16 1 16 
0 91 1 269.292 226.938 -0.935969 0.352083 -0.0820014 0.996632 1 100110101011000110001110 001111000100011101110001 3 0 1 1 0 0 0 1 1 0 0 0 0 0 1 1 0 0 0 0 14 1 16 1 16 1 16 1 16 
0 92 1 269.84 234.02 -0.842272 -0.539052 0.708554 -0.705656 1 100110101011000110001110 001111000100011101110001 3 0 1 1 0 0 0 1 1 0 0 0 0 0 1 1 0 0 0 0 14 1 16 1 16 1 16 1 16 1 16 
0 93 1 269.18 240.26 0.208393 -0.978045 -0.797205 -0.603709 1 100110101011000110001110 001111000100011101110001 3 0 1 1 0 0 0 1 1 0 0 0 0 0 1 1 0 0 0 0 14 1 16 1 16 1 16 1 16 1 16 
0 94 1 268.708 248.417 0.54015 0.841569 -0.982389 -0.186847 1 100110101011000110001110 001111000100011101110001 3 0 1 1 0 0 0 1 1 0 0 0 0 0 1 1 0 0 0 0 14 1 16 1 16 1 16 1 16 
0 95 1 269.667 254.729 0.588167 -0.80874 0.985979 0.166869 1 100110101011000110001110 001111000100011101110001 3 0 1 1 0 0 0 1 1 0 0 0 0 0 1 1 0 0 0 0 14 1 16 1 16 1 16 1 16 
0 96 1 269.36 261.32 -0.994844 -0.101415 0.90945 -0.415812 1 100110101011000110001110 001111000100011101110001 3 0 1 1 0 0 0 1 1 0 0 0 0 0 1 1 0 0 0 0 14 1 16 1 16 1 16 1 16 
0 97 1 269.2 268.9 0.0378926 0.999282 0.771086 0.63673 1 100110101011000110001110 001111000100011101110001 3 0 1 1 0 0 0 1 1 0 0 0 0 0 1 1 0 0 0 0 14 1 16 1 16 1 16 
0 98 1 269.213 276.043 0.0817674 0.996651 -0.999709 0.0241109 1 100110101011000110001110 001111000100011101110001 3 0 1 1 0 0 0 1 1 0 0 0 0 0 1 1 0 0 0 0 14 1 16 1 16 1 16 1 16 
0 99 1 269.1 281.78 -0.11129 -0.993788 -0.440932 0.897541 1 100110101011000110001110 001111000100011101110001 3 0 1 1 0 0 0 1 1 0 0 0 0 0 1 1 0 0 0 0 14 1 16 1 16 1 16 
0 100 1 275.725 213.784 -0.690318 0.723507 -0.754371 -0.656448 1 100110101011000110001110 001111000100011101110001 3 0 1 1 0 0 0 1 1 0 0 0 0 0 1 1 0 0 0 0 14 1 16 
1000 2 1 227.62 211.1 -0.0771721 -0.997018 0.579033 -0.815304 50 100110101011000110001110 001111000100011101110001 3 0 1 1 0 0 0 1 1 0 0 0 0 0 1 1 0 0 0 0 14 1 16 1 16 1 16 1 16 
1000 4 1 210.94 213.44 0.0910455 -0.995847 0.945348 0.326063 50 100110101011000110001110 001111000100011101110001 3 0 1 1 0 0 0 1 1 0 0 0 0 0 1 1 0 0 0 0 14 1 16 1 16 1 16 
1000 5 1 217.62 231.56 0.385882 -0.922548 0.982424 -0.186661 50 100110101011000110001110 001111000100011101110001 3 0 1 1 0 0 0 1 1 0 0 0 0 0 1 1 0 0 0 0 14 1 16 1 16 1 16 1 16 1 16 1 16 
1000 7 1 208.796 230.735 -0.502175 -0.864766 -0.930217 -0.367011 50 100110101011000110001110 001111000100011101110001 3 0 1 1 0 0 0 1 1 0 0 0 0 0 1 1 0 0 0 0 14 1 16 1 16 1 16 1 16 
1000 12 1 204.94 216.92 0.0951658 -0.995461 0.442326 0.896854 50 100110101011000110001110 001111000100011101110001 3 0 1 1 0 0 0 1 1 0 0 0 0 0 1 1 0 0 0 0 14 1 16 1 16 1 16 1 16 
1000 13 1 232.12 216.98 -0.418192 -0.908358 0.974887 -0.222701 50 100110101011000110001110 001111000100011101110001 3 0 1 1 0 0 0 1 1 0 0 0 0 0 1 1 0 0 0 1 16 1 16 1 16 1 16 1 16 
1000 14 1 216.204 212 -0.947266 -0.320449 -0.64012 -0.768275 50 100110101011000110001110 001111000100011101110001 3 0 1 1 0 0 0 1 1 0 0 0 0 0 1 1 0 0 0 0 14 1 16 1 16 1 16 1 16 
1000 16 1 234 245.562 -0.0315443 -0.999502 0.626445 -0.779466 50 100110101011000110001110 001111000100011101110001 3 0 1 1 0 0 0 1 1 0 0 0 0 0 1 1 0 0 0 0 14 1 16 1 16 1 16 1 16 
1000 17 1 227.312 256.458 -0.996985 -0.0775902 0.276088 -0.961132 50 100110101011000110001110 001111000100011101110001 3 0 1 1 0 0 0 1 1 0 0 0 0 0 1 1 0 0 0 0 14 1 16 1 16 1 16 1 16 1 16 
1000 18 1 210.66 239.702 -0.635271 0.77229 0.648612 0.761119 50 100110101011000110001110 001111000100011101110001 3 0 1 1 0 0 0 1 1 0 0 0 0 0 1 1 0 0 0 0 14 1 16 1 16 
1000 19 1 215.224 252.857 0.655132 0.755515 -0.987877 -0.155238 50 100110101011000110001110 001111000100011101110001 3 0 1 1 0 0 0 1 1 0 0 0 0 0 1 1 0 0 0 0 14 1 16 1 16 1 16 
1000 20 1 211.4 260.88 -0.983688 -0.179885 -0.969231 -0.246154 50 100110101011000110001110 001111000100011101110001 3 0 1 1 0 0 0 1 1 0 0 0 0 0 1 1 0 0 0 0 14 1 16 1 16 
1000 21 1 227.959 267.143 -0.216623 0.976255 -0.881112 -0.472907 50 100110101011000110001110 001111000100011101110001 3 0 1 1 0 0 0 1 1 0 0 0 0 0 1 1 0 0 0 0 14 1 16 1 16 1 16 1 16 1 16 1 16 
1000 22 1 230.529 274.529 -0.437459 0.899239 -0.912572 -0.408916 50 100110101011000110001110 001111000100011101110001 3 0 1 1 0 0 0 1 1 0 0 0 0 0 1 1 0 0 0 0 14 1 16 1 16 1 16 1 16 
1000 23 1 241.49 211.327 -0.0424059 -0.9991 0.39139 -0.920225 50 100110101011000110001110 001111000100011101110001 3 0 1 1 0 0 0 1 1 0 0 0 0 0 1 1 0 0 0 0 14 1 16 1 16 
1000 25 1 227.196 229.686 0.997262 0.0739445 -0.90706 0.421002 50 100110101011000110001110 001111000100011101110001 3 0 1 1 0 0 0 1 1 0 0 0 0 0 1 1 0 0 0 0 14 1 16 1 16 1 16 1 16 1 16 1 16 
1000 26 1 235.653 229.714 0.808749 -0.588154 0.640184 -0.768221 50 100110101011000110001110 001111000100011101110001 3 0 1 1 0 0 0 1 1 0 0 0 0 0 1 1 0 0 0 0 14 1 16 1 16 1 16 1 16 
1000 27 1 226.396 221.042 -0.68596 -0.727639 -0.712422 -0.701752 50 100110101011000110001110 001111000100011101110001 3 0 1 1 0 0 0 1 1 0 0 0 0 0 1 1 0 0 0 1 16 1 16 1 16 1 16 1 16 1 16 1 16 
1000 28 1 215.292 236.917 -0.497489 -0.86747 -0.427739 -0.903902 50 100110101011000110001110 001111000100011101110001 3 0 1 1 0 0 0 1 1 0 0 0 0 0 1 1 0 0 0 0 14 1 16 1 16 1 16 
1000 31 1 216.878 261.878 -0.999716 -0.0238355 -0.669819 -0.742524 50 100110101011000110001110 001111000100011101110001 3 0 1 1 0 0 0 1 1 0 0 0 0 0 1 1 0 0 0 0 14 1 16 1 16 1 16 1 16 
1000 32 1 234.4 269.84 -0.998333 -0.0577148 0.948881 0.315635 50 100110101011000110001110 001111000100011101110001 3 0 1 1 0 0 0 1 1 0 0 0 0 0 1 1 0 0 0 1 16 1 16 1 16 1 16 1 16 
1000 33 1 239.647 276.686 -0.9941 -0.108468 0.446443 0.894812 50 100110101011000110001110 001111000100011101110001 3 0 1 1 0 0 0 1 1 0 0 0 0 0 1 1 0 0 0 0 14 1 16 1 16 1 16 1 16 1 16 
1000 35 1 234.408 208.327 0.134303 -0.99094 0.855582 -0.517667 50 100110101011000110001110 001111000100011101110001 3 0 1 1 0 0 0 1 1 0 0 0 0 0 1 1 0 0 0 0 14 1 16 1 16 1 16 1 16 
1000 36 1 237.12 237.84 0.735065 0.677997 0.686464 0.727164 50 100110101011000110001110 001111000100011101110001 3 0 1 1 0 0 0 1 1 0 0 0 0 0 1 1 0 0 0 0 14 1 16 1 16 1 16 1 16 1 16 1 16 
1000 38 1 230.347 234.612 -0.0143243 -0.999897 -0.0654701 0.997855 50 100110101011000110001110 001111000100011101110001 3 0 1 1 0 0 0 1 1 0 0 0 0 0 1 1 0 0 0 0 14 1 16 1 16 1 16 1 16 
1000 40 1 220.627 256.255 -0.992111 -0.12536 0.813109 0.582112 50 100110101011000110001110 001111000100011101110001 3 0 1 1 0 0 0 1 1 0 0 0 0 0 1 1 0 0 0 0 14 1 16 1 16 1 16 1 16 
1000 41 1 243 271.796 -0.991909 0.126952 0.830965 0.556324 50 100110101011000110001110 001111000100011101110001 3 0 1 1 0 0 0 1 1 0 0 0 0 0 1 1 0 0 0 1 16 1 16 1 16 1 16 1 16 1 16 
1000 43 1 251.761 282.804 0.652818 0.757515 0.998851 -0.0479325 50 100110101011000110001110 001111000100011101110001 3 0 1 1 0 0 0 1 1 0 0 0 0 0 1 1 0 0 0 0 14 1 16 
1000 44 1 236.043 281.348 -0.637119 0.770766 -0.605631 -0.795746 50 100110101011000110001110 001111000100011101110001 3 0 1 1 0 0 0 1 1 0 0 0 0 0 1 1 0 0 0 0 14 1 16 1 16 
1000 46 1 238.367 216.102 -0.0741584 -0.997246 -0.983639 -0.18015 50 100110101011000110001110 001111000100011101110001 3 0 1 1 0 0 0 1 1 0 0 0 0 0 1 1 0 0 0 0 14 1 16 1 16 1 16 1 16 
1000 47 1 239.283 255.736 -0.992626 -0.121214 -0.101339 0.994852 50 100110101011000110001110 001111000100011101110001 3 0 1 1 0 0 0 1 1 0 0 0 0 0 1 1 0 0 0 1 16 1 16 1 16 1 16 1 16 1 16 
1000 48 1 244.667 265.569 -0.197005 0.980403 0.317816 0.948152 50 100110101011000110001110 001111000100011101110001 3 0 1 1 0 0 0 1 1 0 0 0 0 0 1 1 0 0 0 1 16 1 16 1 16 1 16 1 16 
1000 49 1 233.694 251.714 -0.820529 -0.571605 -0.639368 0.768901 50 100110101011000110001110 001111000100011101110001 3 0 1 1 0 0 0 1 1 0 0 0 0 0 1 1 0 0 0 0 14 1 16 1 16 1 16 1 16 1 16 
1000 50 1 237.694 264.041 0.139255 0.990257 0.392603 0.919708 50 100110101011000110001110 001111000100011101110001 3 0 1 1 0 0 0 1 1 0 0 0 0 0 1 1 0 0 0 1 16 1 16 1 16 1 16 1 16 1 16 1 16 
1000 51 1 250.66 270.32 0.254288 0.967129 -0.250207 -0.968192 50 100110101011000110001110 001111000100011101110001 3 0 1 1 0 0 0 1 1 0 0 0 0 0 1 1 0 0 0 0 14 1 16 1 16 1 16 1 16 1 16 1 16 
1000 52 1 256.64 257.36 -0.351248 0.936282 0.981332 -0.192321 50 100110101011000110001110 001111000100011101110001 3 0 1 1 0 0 0 1 1 0 0 0 0 0 1 1 0 0 0 1 16 1 16 1 16 1 16 1 16 1 16 
1000 53 1 260.627 262.176 0.97583 -0.21853 -0.972592 0.232517 50 100110101011000110001110 001111000100011101110001 3 0 1 1 0 0 0 1 1 0 0 0 0 0 1 1 0 0 0 1 16 1 16 1 16 1 16 1 16 
1000 55 1 263.686 269.686 0.869378 0.494148 0.664839 0.746987 50 100110101011000110001110 001111000100011101110001 3 0 1 1 0 0 0 1 1 0 0 0 0 0 1 1 0 0 0 1 16 1 16 1 16 1 16 1 16 1 16 1 16 1 16 
1000 57 1 249.17 219.83 0.80833 -0.58873 0.974391 -0.22486 50 100110101011000110001110 001111000100011101110001 3 0 1 1 0 0 0 1 1 0 0 0 0 0 1 1 0 0 0 0 14 1 16 1 16 
1000 58 1 240.56 246.26 -0.887671 -0.460479 -0.271912 -0.962322 50 100110101011000110001110 001111000100011101110001 3 0 1 1 0 0 0 1 1 0 0 0 0 0 1 1 0 0 0 1 16 1 16 1 16 1 16 1 16 1 16 1 16 
1000 59 1 244.608 240.078 -0.988975 0.148081 -0.464948 -0.885338 50 100110101011000110001110 001111000100011101110001 3 0 1 1 0 0 0 1 1 0 0 0 0 0 1 1 0 0 0 0 14 1 16 1 16 1 16 1 16 1 16 
1000 60 1 250.904 260.192 -0.601997 0.798498 0.13911 0.990277 50 100110101011000110001110 001111000100011101110001 3 0 1 1 0 0 0 1 1 0 0 0 0 0 1 1 0 0 0 1 16 1 16 1 16 1 16 1 16 1 16 
1000 62 1 245.408 250.918 -0.62368 -0.781679 0.699749 0.714388 50 100110101011000110001110 001111000100011101110001 3 0 1 1 0 0 0 1 1 0 0 0 0 0 1 1 0 0 0 1 16 1 16 1 16 1 16 1 16 
1000 63 1 261.08 249.5 0.528687 0.848817 0.579143 -0.815226 50 100110101011000110001110 001111000100011101110001 3 0 1 1 0 0 0 1 1 0 0 0 0 0 1 1 0 0 0 1 16 1 16 1 16 1 16 1 16 1 16 
1000 64 1 264.2 255.1 -0.631673 0.775235 -0.375433 -0.92685 50 100110101011000110001110 001111000100011101110001 3 0 1 1 0 0 0 1 1 0 0 0 0 0 1 1 0 0 0 1 16 1 16 1 16 1 16 1 16 
1000 66 1 271.9 266.28 0.996395 0.0848395 -0.638789 -0.769382 50 100110101011000110001110 001111000100011101110001 3 0 1 1 0 0 0 1 1 0 0 0 0 0 1 1 0 0 0 1 16 1 16 1 16 1 16 1 16 
1000 67 1 254.42 220.44 0.64498 -0.764199 -0.915921 -0.401359 50 100110101011000110001110 001111000100011101110001 3 0 1 1 0 0 0 1 1 0 0 0 0 0 1 1 0 0 0 0 14 1 16 1 16 1 16 
1000 68 1 250.635 227.788 -0.91758 0.397551 0.372788 0.927917 50 100110101011000110001110 001111000100011101110001 3 0 1 1 0 0 0 1 1 0 0 0 0 0 1 1 0 0 0 0 14 1 16 1 16 1 16 1 16 1 16 
1000 69 1 248.49 234 -0.906862 -0.421428 -0.989004 0.147888 50 100110101011000110001110 001111000100011101110001 3 0 1 1 0 0 0 1 1 0 0 0 0 0 1 1 0 0 0 0 14 1 16 1 16 1 16 1 16 
1000 70 1 277.333 236.863 0.480589 -0.876946 -0.976398 -0.215978 50 100110101011000110001110 001111000100011101110001 3 0 1 1 0 0 0 1 1 0 0 0 0 0 1 1 0 0 0 1 16 1 16 1 16 1 16 1 16 
1000 72 1 273.615 246.923 0.488832 -0.872378 -0.99586 -0.0908973 50 100110101011000110001110 001111000100011101110001 3 0 1 1 0 0 0 1 1 0 0 0 0 0 1 1 0 0 0 1 16 1 16 1 16 1 16 1 16 1 16 
1000 73 1 280.122 244.408 0.74622 -0.6657 0.999436 -0.0335703 50 100110101011000110001110 001111000100011101110001 3 0 1 1 0 0 0 1 1 0 0 0 0 0 1 1 0 0 0 1 16 1 16 1 16 1 16 1 16 1 16 
1000 74 1 280.4 251.74 0.851436 -0.524459 0.185789 -0.98259 50 100110101011000110001110 001111000100011101110001 3 0 1 1 0 0 0 1 1 0 0 0 0 0 1 1 0 0 0 1 16 1 16 1 16 1 16 1 16 
1000 76 1 276.837 262.367 0.949628 0.313378 -0.811276 0.584663 50 100110101011000110001110 001111000100011101110001 3 0 1 1 0 0 0 1 1 0 0 0 0 0 1 1 0 0 0 1 16 1 16 1 16 1 16 1 16 1 16 
1000 77 1 261.776 279.327 -0.487613 0.87306 0.258821 0.965925 50 100110101011000110001110 001111000100011101110001 3 0 1 1 0 0 0 1 1 0 0 0 0 0 1 1 0 0 0 0 14 1 16 1 16 1 16 1 16 
1000 79 1 274.42 226.54 0.593593 -0.804765 0.979712 -0.20041 50 100110101011000110001110 001111000100011101110001 3 0 1 1 0 0 0 1 1 0 0 0 0 0 1 1 0 0 0 0 14 1 16 1 16 1 16 
1000 80 1 285.265 240.551 0.996003 0.0893159 -0.358251 0.933625 50 100110101011000110001110 001111000100011101110001 3 0 1 1 0 0 0 1 1 0 0 0 0 0 1 1 0 0 0 0 14 1 16 1 16 1 16 1 16 1 16 1 16 
1000 81 1 263.918 235.571 0 -1 -0.995893 0.0905357 50 100110101011000110001110 001111000100011101110001 3 0 1 1 0 0 0 1 1 0 0 0 0 0 1 1 0 0 0 0 14 1 16 1 16 1 16 1 16 1 16 1 16 1 16 
1000 85 1 286.94 250 0.999957 0.00928374 -0.786781 0.617232 50 100110101011000110001110 001111000100011101110001 3 0 1 1 0 0 0 1 1 0 0 0 0 0 1 1 0 0 0 1 16 1 16 1 16 1 16 1 16 1 16 
1000 86 1 289.92 256.1 0.913009 -0.40794 -0.603091 0.797673 50 100110101011000110001110 001111000100011101110001 3 0 1 1 0 0 0 1 1 0 0 0 0 0 1 1 0 0 0 0 14 1 16 1 16 1 16 1 16 
1000 87 1 286.235 263.784 0.917678 0.397324 0.998765 -0.0496898 50 100110101011000110001110 001111000100011101110001 3 0 1 1 0 0 0 1 1 0 0 0 0 0 1 1 0 0 0 0 14 1 16 1 16 1 16 1 16 1 16 1 16 
1000 88 1 271.16 272.7 -0.973398 -0.229121 0.975176 -0.221429 50 100110101011000110001110 001111000100011101110001 3 0 1 1 0 0 0 1 1 0 0 0 0 0 1 1 0 0 0 1 16 1 16 1 16 1 16 1 16 1 16 
1000 89 1 257.36 234.08 -0.969518 -0.245019 -0.536211 -0.844084 50 100110101011000110001110 001111000100011101110001 3 0 1 1 0 0 0 1 1 0 0 0 0 0 1 1 0 0 0 1 16 1 16 1 16 1 16 1 16 1 16 
1000 90 1 271.875 232.688 0.591923 -0.805995 -0.765396 0.64356 50 100110101011000110001110 001111000100011101110001 3 0 1 1 0 0 0 1 1 0 0 0 0 0 1 1 0 0 0 0 14 1 16 1 16 1 16 1 16 1 16 
1000 92 1 249.5 244.327 -0.492996 -0.870032 0.947903 -0.318558 50 100110101011000110001110 001111000100011101110001 3 0 1 1 0 0 0 1 1 0 0 0 0 0 1 1 0 0 0 1 16 1 16 1 16 1 16 1 16 1 16 
1000 93 1 291.49 246.224 0.997687 -0.0679697 -0.295684 0.955286 50 100110101011000110001110 001111000100011101110001 3 0 1 1 0 0 0 1 1 0 0 0 0 0 1 1 0 0 0 0 14 1 16 1 16 1 16 1 16 
1000 95 1 291.686 239.275 0.154189 -0.988041 -0.950495 0.310739 50 100110101011000110001110 001111000100011101110001 3 0 1 1 0 0 0 1 1 0 0 0 0 0 1 1 0 0 0 0 14 1 16 1 16 
1000 96 1 288.327 270.135 0.516222 0.856455 -0.553928 -0.832564 50 100110101011000110001110 001111000100011101110001 3 0 1 1 0 0 0 1 1 0 0 0 0 0 1 1 0 0 0 0 14 1 16 1 16 1 16 1 16 
1000 97 1 281.98 273.56 -0.694125 0.719854 -0.995375 0.0960683 50 100110101011000110001110 001111000100011101110001 3 0 1 1 0 0 0 1 1 0 0 0 0 0 1 1 0 0 0 1 16 1 16 1 16 1 16 1 16 1 16 
1000 98 1 276.58 279.52 -0.443436 0.896306 0.987271 -0.159047 50 100110101011000110001110 001111000100011101110001 3 0 1 1 0 0 0 1 1 0 0 0 0 0 1 1 0 0 0 0 14 1 16 1 16 1 16 1 16 1 16 
1000 99 1 268.76 277.52 -0.895397 -0.445269 -0.996488 -0.0837385 50 100110101011000110001110 001111000100011101110001 3 0 1 1 0 0 0 1 1 0 0 0 0 0 1 1 0 0 0 1 16 1 16 1 16 1 16 1 16 
1000 101 1 200.816 220.408 -0.999795 -0.0202615 0.798635 0.601815 50 100110101011000110001110 001111000100011101110001 3 0 1 1 0 0 0 1 1 0 0 0 0 0 1 1 0 0 0 0 14 1 16 1 16 
1000 105 1 210.354 225.333 -0.912409 0.40928 0.972609 -0.232447 50 100110101011000110001110 001111000100011101110001 3 0 1 1 0 0 0 1 1 0 0 0 0 0 1 1 0 0 0 0 14 1 16 1 16 1 16 1 16 1 16 1 16 
1000 106 1 222.294 226.569 0.908538 0.417801 0.075658 -0.997134 50 100110101011000110001110 001111000100011101110001 3 0 1 1 0 0 0 1 1 0 0 0 0 0 1 1 0 0 0 1 16 1 16 1 16 1 16 
1000 108 1 217.776 222.51 -0.70956 0.704645 0.900552 -0.434749 50 100110101011000110001110 001111000100011101110001 3 0 1 1 0 0 0 1 1 0 0 0 0 0 1 1 0 0 0 1 16 1 16 1 16 1 16 1 16 1 16 1 16 
1000 111 1 229.98 241.76 0.460622 0.887596 -0.954755 0.297395 50 100110101011000110001110 001111000100011101110001 3 0 1 1 0 0 0 1 1 0 0 0 0 0 1 1 0 0 0 0 14 1 16 1 16 1 16 
1000 112 1 223.5 263.54 -0.993212 0.116321 -0.984301 -0.176495 50 100110101011000110001110 001111000100011101110001 3 0 1 1 0 0 0 1 1 0 0 0 0 0 1 1 0 0 0 0 14 1 16 1 16 1 16 1 16 1 16 
1000 115 1 232.54 259.64 -0.226634 0.97398 0.403463 -0.914996 50 100110101011000110001110 001111000100011101110001 3 0 1 1 0 0 0 1 1 0 0 0 0 0 1 1 0 0 0 1 16 1 16 1 16 1 16 1 16 1 16 
1000 122 1 248.451 277.314 0.302175 0.953253 0.814421 -0.580275 50 100110101011000110001110 001111000100011101110001 3 0 1 1 0 0 0 1 1 0 0 0 0 0 1 1 0 0 0 0 14 1 16 1 16 1 16 1 16 1 16 
1000 123 1 252.471 251.039 0.958029 -0.28667 -0.863014 -0.505179 50 100110101011000110001110 001111000100011101110001 3 0 1 1 0 0 0 1 1 0 0 0 0 0 1 1 0 0 0 1 16 1 16 1 16 1 16 1 16 1 16 1 16 
1000 124 1 257.94 244.98 0.950083 0.311998 -0.186334 0.982487 50 100110101011000110001110 001111000100011101110001 3 0 1 1 0 0 0 1 1 0 0 0 0 0 1 1 0 0 0 1 16 1 16 1 16 1 16 1 16 1 16 
1000 125 1 254.38 239.32 -0.649399 0.760448 -1 0 50 100110101011000110001110 001111000100011101110001 3 0 1 1 0 0 0 1 1 0 0 0 0 0 1 1 0 0 0 1 16 1 16 1 16 1 16 1 16 1 16 
1000 126 1 258.167 227.25 -0.90931 0.416119 -0.829234 -0.558902 50 100110101011000110001110 001111000100011101110001 3 0 1 1 0 0 0 1 1 0 0 0 0 0 1 1 0 0 0 0 14 1 16 1 16 1 16 1 16 
1000 128 1 255.76 267.06 -0.627929 0.778271 -0.829951 -0.557836 50 100110101011000110001110 001111000100011101110001 3 0 1 1 0 0 0 1 1 0 0 0 0 0 1 1 0 0 0 1 16 1 16 1 16 1 16 1 16 1 16 
1000 129 1 257.854 273.938 -0.481097 0.876667 -0.999825 0.0187133 50 100110101011000110001110 001111000100011101110001 3 0 1 1 0 0 0 1 1 0 0 0 0 0 1 1 0 0 0 0 14 1 16 1 16 1 16 1 16 1 16 
1000 130 1 267.837 261.735 0.969765 0.244039 0.24985 -0.968285 50 100110101011000110001110 001111000100011101110001 3 0 1 1 0 0 0 1 1 0 0 0 0 0 1 1 0 0 0 1 16 1 16 1 16 1 16 1 16 1 16 1 16 
1000 131 1 265.796 242.796 -0.884905 -0.465772 -0.992266 -0.124128 50 100110101011000110001110 001111000100011101110001 3 0 1 1 0 0 0 1 1 0 0 0 0 0 1 1 0 0 0 1 16 1 16 1 16 1 16 1 16 1 16 
1000 133 1 268.922 251.02 -0.78495 0.61956 -0.386058 -0.922475 50 100110101011000110001110 001111000100011101110001 3 0 1 1 0 0 0 1 1 0 0 0 0 0 1 1 0 0 0 1 16 1 16 1 16 1 16 1 16 1 16 
1000 134 1 278.458 269.146 0.986553 -0.163443 -0.951445 0.30782 50 100110101011000110001110 001111000100011101110001 3 0 1 1 0 0 0 1 1 0 0 0 0 0 1 1 0 0 0 1 16 1 16 1 16 1 16 1 16 1 16 
1000 135 1 271.039 239.608 -0.992964 -0.118414 -0.529999 -0.847998 50 100110101011000110001110 001111000100011101110001 3 0 1 1 0 0 0 1 1 0 0 0 0 0 1 1 0 0 0 1 16 1 16 1 16 1 16 1 16 1 16 
1000 136 1 282.24 258.24 0.907598 0.419841 -0.14672 0.989178 50 100110101011000110001110 001111000100011101110001 3 0 1 1 0 0 0 1 1 0 0 0 0 0 1 1 0 0 0 1 16 1 16 1 16 1 16 1 16 1 16 
1000 138 1 281.38 233.02 0.998435 -0.0559303 0.81362 0.581397 50 100110101011000110001110 001111000100011101110001 3 0 1 1 0 0 0 1 1 0 0 0 0 0 1 1 0 0 0 0 14 1 16 1 16 1 16 1 16 
1000 139 1 285.549 278.137 0.569615 0.821911 0.126702 -0.991941 50 100110101011000110001110 001111000100011101110001 3 0 1 1 0 0 0 1 1 0 0 0 0 0 1 1 0 0 0 0 14 1 16 1 16 1 16 
1000 142 1 212.292 219.354 -0.995002 0.0998537 -0.945624 -0.325263 50 100110101011000110001110 001111000100011101110001 3 0 1 1 0 0 0 1 1 0 0 0 0 0 1 1 0 0 0 1 16 1 16 1 16 1 16 1 16 
1000 143 1 222.673 214.939 0.934976 0.354712 0.00466195 0.999989 50 100110101011000110001110 001111000100011101110001 3 0 1 1 0 0 0 1 1 0 0 0 0 0 1 1 0 0 0 0 14 1 16 1 16 1 16 1 16 
1000 145 1 234.808 223.192 0.869155 0.49454 -0.991478 0.130275 50 100110101011000110001110 001111000100011101110001 3 0 1 1 0 0 0 1 1 0 0 0 0 0 1 1 0 0 0 0 14 1 16 1 16 1 16 1 16 1 16 
1000 147 1 245 258.551 0.410306 0.911948 -0.463254 -0.886225 50 100110101011000110001110 001111000100011101110001 3 0 1 1 0 0 0 1 1 0 0 0 0 0 1 1 0 0 0 1 16 1 16 1 16 1 16 1 16 1 16 
1000 148 1 264.367 227.449 0.962003 0.273039 -0.937234 0.348701 50 100110101011000110001110 001111000100011101110001 3 0 1 1 0 0 0 1 1 0 0 0 0 0 1 1 0 0 0 0 14 1 16 1 16 1 16 1 16 
1000 149 1 269.18 283.5 -0.471794 0.881709 0 -1 50 100110101011000110001110 001111000100011101110001 3 0 1 1 0 0 0 1 1 0 0 0 0 0 1 1 0 0 0 0 14 1 16 1 16 1 16 
1000 150 1 274.327 255.596 -0.752383 0.658726 -0.88257 0.470181 50 100110101011000110001110 001111000100011101110001 3 0 1 1 0 0 0 1 1 0 0 0 0 0 1 1 0 0 0 1 16 1 16 1 16 1 16 1 16 1 16 
