0 1 1 211.157 211.725 -0.148782 -0.98887 0.239161 -0.97098 1 000000000000000000000000 000000000000000011111111 3 0 1 1 0 0 0 1 1 0 0 0 0 0 1 1 0 0 0 0 8 1 36 1 36 
0 2 1 211.035 219.965 0.957006 0.290068 -0.438887 -0.898542 1 000000000000000000000000 000000000000000011111111 3 0 1 1 0 0 0 1 1 0 0 0 0 0 1 1 0 0 0 0 8 1 36 1 36 1 36 1 36 
0 3 1 209.255 227.964 -0.460616 -0.887599 0.390007 -0.920812 1 000000000000000000000000 000000000000000011111111 3 0 1 1 0 0 0 1 1 0 0 0 0 0 1 1 0 0 0 0 8 1 36 1 36 1 36 
0 4 1 211.442 233.962 0.73484 0.678241 -0.667213 -0.744867 1 000000000000000000000000 000000000000000011111111 3 0 1 1 0 0 0 1 1 0 0 0 0 0 1 1 0 0 0 0 8 1 36 1 36 1 36 1 36 
0 5 1 211.151 240.962 -0.999917 -0.0128998 -0.92883 -0.370506 1 000000000000000000000000 000000000000000011111111 3 0 1 1 0 0 0 1 1 0 0 0 0 0 1 1 0 0 0 0 8 1 36 1 36 1 36 
0 6 1 211.13 247.389 0.926868 -0.375386 -0.877546 -0.479492 1 000000000000000000000000 000000000000000011111111 3 0 1 1 0 0 0 1 1 0 0 0 0 0 1 1 0 0 0 0 8 1 36 1 36 1 36 
0 7 1 212.72 254.44 -0.781986 -0.623295 -0.81772 -0.575616 1 000000000000000000000000 000000000000000011111111 3 0 1 1 0 0 0 1 1 0 0 0 0 0 1 1 0 0 0 0 8 1 36 1 36 1 36 1 36 
0 8 1 211.179 261.839 -0.527273 0.849696 0.790127 -0.612943 1 000000000000000000000000 000000000000000011111111 3 0 1 1 0 0 0 1 1 0 0 0 0 0 1 1 0 0 0 0 8 1 36 1 36 1 36 
0 9 1 211.06 269.16 0.80986 -0.586624 0.816389 -0.577502 1 000000000000000000000000 000000000000000011111111 3 0 1 1 0 0 0 1 1 0 0 0 0 0 1 1 0 0 0 0 8 1 36 1 36 1 36 
0 10 1 211.811 275.679 0.873309 0.487166 0.998053 -0.0623783 1 000000000000000000000000 000000000000000011111111 3 0 1 1 0 0 0 1 1 0 0 0 0 0 1 1 0 0 0 0 8 1 36 1 36 1 36 1 36 
0 11 1 211.296 284.278 -0.575006 -0.81815 0.71944 0.694555 1 000000000000000000000000 000000000000000011111111 3 0 1 1 0 0 0 1 1 0 0 0 0 0 1 1 0 0 0 0 8 1 36 
0 12 1 219.741 211.611 0.696825 -0.717241 0.0897451 -0.995965 1 000000000000000000000000 000000000000000011111111 3 0 1 1 0 0 0 1 1 0 0 0 0 0 1 1 0 0 0 0 8 1 36 1 36 1 36 
0 13 1 219.49 219.612 -0.363127 0.93174 0.828589 -0.559857 1 000000000000000000000000 000000000000000011111111 3 0 1 1 0 0 0 1 1 0 0 0 0 0 1 1 0 0 0 0 8 1 36 1 36 1 36 1 36 1 36 
0 14 1 218.63 227.304 -0.870788 0.491659 -0.999938 0.0111608 1 000000000000000000000000 000000000000000011111111 3 0 1 1 0 0 0 1 1 0 0 0 0 0 1 1 0 0 0 0 8 1 36 1 36 1 36 1 36 1 36 1 36 
0 15 1 219.588 233.863 0.698387 0.71572 -0.874499 -0.485028 1 000000000000000000000000 000000000000000011111111 3 0 1 1 0 0 0 1 1 0 0 0 0 0 1 1 0 0 0 0 8 1 36 1 36 1 36 1 36 
0 16 1 219.5 240.68 -0.918118 0.396308 -0.0991936 0.995068 1 000000000000000000000000 000000000000000011111111 3 0 1 1 0 0 0 1 1 0 0 0 0 0 1 1 0 0 0 0 8 1 36 1 36 1 36 1 36 1 36 
0 17 1 220.212 248.192 0.530825 -0.847482 -0.20601 0.97855 1 000000000000000000000000 000000000000000011111111 3 0 1 1 0 0 0 1 1 0 0 0 0 0 1 1 0 0 0 0 8 1 36 1 36 1 36 1 36 1 36 1 36 1 36 
0 18 1 219.118 255.451 -0.632771 0.774339 -0.611359 -0.791353 1 000000000000000000000000 000000000000000011111111 3 0 1 1 0 0 0 1 1 0 0 0 0 0 1 1 0 0 0 0 8 1 36 1 36 1 36 1 36 1 36 
0 19 1 219.608 262.294 0.29571 -0.955278 -0.721447 -0.692469 1 000000000000000000000000 000000000000000011111111 3 0 1 1 0 0 0 1 1 0 0 0 0 0 1 1 0 0 0 0 8 1 36 1 36 1 36 1 36 1 36 1 36 
0 20 1 219.333 269.529 -0.435357 0.900258 -0.540424 -0.841393 1 000000000000000000000000 000000000000000011111111 3 0 1 1 0 0 0 1 1 0 0 0 0 0 1 1 0 0 0 0 8 1 36 1 36 1 36 1 36 1 36 
0 21 1 220.038 275.788 0.36346 -0.93161 0.81356 -0.581481 1 000000000000000000000000 000000000000000011111111 3 0 1 1 0 0 0 1 1 0 0 0 0 0 1 1 0 0 0 0 8 1 36 1 36 1 36 1 36 1 36 
0 22 1 219.796 284.574 0.828198 -0.560436 -0.461758 -0.887006 1 000000000000000000000000 000000000000000011111111 3 0 1 1 0 0 0 1 1 0 0 0 0 0 1 1 0 0 0 0 8 1 36 1 36 
0 23 1 226.579 210.544 0.610283 -0.792183 -0.133488 -0.99105 1 000000000000000000000000 000000000000000011111111 3 0 1 1 0 0 0 1 1 0 0 0 0 0 1 1 0 0 0 0 8 1 36 1 36 1 36 
0 24 1 227.061 219.653 -0.294054 -0.955789 0.673841 0.738876 1 000000000000000000000000 000000000000000011111111 3 0 1 1 0 0 0 1 1 0 0 0 0 0 1 1 0 0 0 0 8 1 36 1 36 1 36 1 36 1 36 1 36 
0 25 1 226 226.365 0.916863 -0.399201 -0.241088 -0.970503 1 000000000000000000000000 000000000000000011111111 3 0 1 1 0 0 0 1 1 0 0 0 0 0 1 1 0 0 0 0 8 1 36 1 36 1 36 1 36 1 36 1 36 
0 26 1 226.612 233.939 -0.671861 -0.740677 0.804176 0.594391 1 000000000000000000000000 000000000000000011111111 3 0 1 1 0 0 0 1 1 0 0 0 0 0 1 1 0 0 0 0 8 1 36 1 36 1 36 1 36 1 36 
0 27 1 226.902 240.765 -0.741389 0.671075 -0.561213 0.827671 1 000000000000000000000000 000000000000000011111111 3 0 1 1 0 0 0 1 1 0 0 0 0 0 1 1 0 0 0 0 8 1 36 1 36 1 36 1 36 1 36 1 36 
0 28 1 227.245 248.286 0.554155 0.832414 0.507248 0.8618 1 000000000000000000000000 000000000000000011111111 3 0 1 1 0 0 0 1 1 0 0 0 0 0 1 1 0 0 0 0 8 1 36 1 36 1 36 1 36 1 36 1 36 
0 29 1 226.429 254.959 -0.997677 0.0681246 0.736408 0.676538 1 000000000000000000000000 000000000000000011111111 3 0 1 1 0 0 0 1 1 0 0 0 0 0 1 1 0 0 0 0 8 1 36 1 36 1 36 1 36 1 36 1 36 
0 30 1 227.32 261.52 -0.914811 -0.403882 0.966596 -0.256305 1 000000000000000000000000 000000000000000011111111 3 0 1 1 0 0 0 1 1 0 0 0 0 0 1 1 0 0 0 0 8 1 36 1 36 1 36 1 36 1 36 
0 31 1 226.922 268.902 -0.824016 -0.566567 -0.764209 -0.644968 1 000000000000000000000000 000000000000000011111111 3 0 1 1 0 0 0 1 1 0 0 0 0 0 1 1 0 0 0 0 8 1 36 1 36 1 36 1 36 1 36 1 36 
0 32 1 227.234 276.426 0.0478652 0.998854 -0.771539 0.636182 1 000000000000000000000000 000000000000000011111111 3 0 1 1 0 0 0 1 1 0 0 0 0 0 1 1 0 0 0 0 8 1 36 1 36 1 36 1 36 1 36 
0 33 1 228.118 286.137 -0.811839 0.583881 -0.473722 -0.880674 1 000000000000000000000000 000000000000000011111111 3 0 1 1 0 0 0 1 1 0 0 0 0 0 1 1 0 0 0 0 8 1 36 1 36 1 36 
0 34 1 233.549 211.471 -0.446546 -0.894761 -0.893471 0.44912 1 000000000000000000000000 000000000000000011111111 3 0 1 1 0 0 0 1 1 0 0 0 0 0 1 1 0 0 0 0 8 1 36 1 36 1 36 1 36 
0 35 1 234.961 219.333 0.641069 -0.767484 -0.998053 -0.0623783 1 000000000000000000000000 000000000000000011111111 3 0 1 1 0 0 0 1 1 0 0 0 0 0 1 1 0 0 0 0 8 1 36 1 36 1 36 1 36 1 36 1 36 
0 36 1 233.38 226.24 -0.865041 0.501701 -0.369505 -0.929229 1 000000000000000000000000 000000000000000011111111 3 0 1 1 0 0 0 1 1 0 0 0 0 0 1 1 0 0 0 0 8 1 36 1 36 1 36 1 36 1 36 1 36 
0 37 1 233.625 233.646 -0.0830771 0.996543 -0.511229 0.859445 1 000000000000000000000000 000000000000000011111111 3 0 1 1 0 0 0 1 1 0 0 0 0 0 1 1 0 0 0 0 8 1 36 1 36 1 36 1 36 1 36 1 36 
0 38 1 233.36 241.34 -0.737946 -0.67486 -0.769223 -0.63898 1 000000000000000000000000 000000000000000011111111 3 0 1 1 0 0 0 1 1 0 0 0 0 0 1 1 0 0 0 0 8 1 36 1 36 1 36 1 36 1 36 1 36 
0 39 1 234.217 247.848 0.368234 -0.929733 0.956576 0.291484 1 000000000000000000000000 000000000000000011111111 3 0 1 1 0 0 0 1 1 0 0 0 0 0 1 1 0 0 0 0 8 1 36 1 36 1 36 1 36 1 36 1 36 
0 40 1 234.222 255 0.989216 -0.146463 0.945302 -0.326196 1 000000000000000000000000 000000000000000011111111 3 0 1 1 0 0 0 1 1 0 0 0 0 0 1 1 0 0 0 0 8 1 36 1 36 1 36 1 36 1 36 1 36 1 36 
0 41 1 233.98 262.286 -0.986616 -0.163059 0.159741 0.987159 1 000000000000000000000000 000000000000000011111111 3 0 1 1 0 0 0 1 1 0 0 0 0 0 1 1 0 0 0 0 8 1 36 1 36 1 36 1 36 1 36 1 36 1 36 
0 42 1 234.229 269.125 0.995665 -0.0930121 -0.983272 0.182145 1 000000000000000000000000 000000000000000011111111 3 0 1 1 0 0 0 1 1 0 0 0 0 0 1 1 0 0 0 1 36 1 36 1 36 1 36 1 36 
0 43 1 234.085 275.596 0.393191 -0.919457 -0.573462 0.819232 1 000000000000000000000000 000000000000000011111111 3 0 1 1 0 0 0 1 1 0 0 0 0 0 1 1 0 0 0 0 8 1 36 1 36 1 36 1 36 1 36 
0 44 1 234.231 283.596 0.688546 -0.725192 0.647297 0.762238 1 000000000000000000000000 000000000000000011111111 3 0 1 1 0 0 0 1 1 0 0 0 0 0 1 1 0 0 0 0 8 1 36 1 36 1 36 1 36 
0 45 1 240.827 210.058 -0.458039 0.888932 0.635808 0.771847 1 000000000000000000000000 000000000000000011111111 3 0 1 1 0 0 0 1 1 0 0 0 0 0 1 1 0 0 0 0 8 1 36 1 36 1 36 1 36 
0 46 1 241.143 218.408 -0.963411 0.268029 0.206326 -0.978483 1 000000000000000000000000 000000000000000011111111 3 0 1 1 0 0 0 1 1 0 0 0 0 0 1 1 0 0 0 0 8 1 36 1 36 1 36 1 36 1 36 1 36 
0 47 1 240.98 226.571 0.835894 -0.548891 0.916263 0.400577 1 000000000000000000000000 000000000000000011111111 3 0 1 1 0 0 0 1 1 0 0 0 0 0 1 1 0 0 0 0 8 1 36 1 36 1 36 1 36 1 36 1 36 
0 48 1 240.125 233.75 -0.790099 -0.612979 0.34074 -0.940157 1 000000000000000000000000 000000000000000011111111 3 0 1 1 0 0 0 1 1 0 0 0 0 0 1 1 0 0 0 0 8 1 36 1 36 1 36 1 36 1 36 
0 49 1 240.833 240.667 -0.633962 -0.773364 0.755439 -0.655218 1 000000000000000000000000 000000000000000011111111 3 0 1 1 0 0 0 1 1 0 0 0 0 0 1 1 0 0 0 0 8 1 36 1 36 1 36 1 36 1 36 1 36 
0 50 1 241.042 247.167 0.976319 -0.216338 -0.976057 -0.217516 1 000000000000000000000000 000000000000000011111111 3 0 1 1 0 0 0 1 1 0 0 0 0 0 1 1 0 0 0 0 8 1 36 1 36 1 36 1 36 1 36 
0 51 1 240.673 254.184 -0.480122 -0.877202 -0.481025 0.876707 1 000000000000000000000000 000000000000000011111111 3 0 1 1 0 0 0 1 1 0 0 0 0 0 1 1 0 0 0 0 8 1 36 1 36 1 36 1 36 1 36 1 36 1 36 
0 52 1 240.816 262.204 0.978179 0.207762 0.992842 -0.119434 1 000000000000000000000000 000000000000000011111111 3 0 1 1 0 0 0 1 1 0 0 0 0 0 1 1 0 0 0 0 8 1 36 1 36 1 36 1 36 1 36 1 36 
0 53 1 240.809 269.447 0.918465 -0.395502 -0.976407 -0.215936 1 000000000000000000000000 000000000000000011111111 3 0 1 1 0 0 0 1 1 0 0 0 0 0 1 1 0 0 0 0 8 1 36 1 36 1 36 1 36 1 36 1 36 
0 54 1 241.235 276.431 -0.819043 -0.573732 -0.300843 -0.953674 1 000000000000000000000000 000000000000000011111111 3 0 1 1 0 0 0 1 1 0 0 0 0 0 1 1 0 0 0 0 8 1 36 1 36 1 36 1 36 1 36 1 36 
0 55 1 241.157 284.451 0.254117 0.967174 0.203515 -0.979072 1 000000000000000000000000 000000000000000011111111 3 0 1 1 0 0 0 1 1 0 0 0 0 0 1 1 0 0 0 0 8 1 36 1 36 1 36 1 36 
0 56 1 248.446 210.714 -0.24095 -0.970538 -0.9675 0.252869 1 000000000000000000000000 000000000000000011111111 3 0 1 1 0 0 0 1 1 0 0 0 0 0 1 1 0 0 0 0 8 1 36 1 36 1 36 1 36 
0 57 1 246.96 219.72 -0.989094 -0.147287 0.203874 -0.978997 1 000000000000000000000000 000000000000000011111111 3 0 1 1 0 0 0 1 1 0 0 0 0 0 1 1 0 0 0 0 8 1 36 1 36 1 36 1 36 1 36 
0 58 1 248.429 226.98 0.254924 -0.966961 0.398726 0.91707 1 000000000000000000000000 000000000000000011111111 3 0 1 1 0 0 0 1 1 0 0 0 0 0 1 1 0 0 0 0 8 1 36 1 36 1 36 1 36 1 36 1 36 
0 59 1 248.224 234.245 -0.998442 0.055808 -0.974596 0.223969 1 000000000000000000000000 000000000000000011111111 3 0 1 1 0 0 0 1 1 0 0 0 0 0 1 1 0 0 0 0 8 1 36 1 36 1 36 1 36 1 36 1 36 
0 60 1 247.915 241.447 -0.981043 -0.19379 0.740219 0.672366 1 000000000000000000000000 000000000000000011111111 3 0 1 1 0 0 0 1 1 0 0 0 0 0 1 1 0 0 0 0 8 1 36 1 36 1 36 1 36 1 36 1 36 
0 61 1 248.188 248.688 -0.355697 -0.934601 0.356588 -0.934262 1 000000000000000000000000 000000000000000011111111 3 0 1 1 0 0 0 1 1 0 0 0 0 0 1 1 0 0 0 0 8 1 36 1 36 1 36 1 36 1 36 1 36 
0 62 1 247.333 255.75 -0.849046 0.528319 -0.466165 -0.884698 1 000000000000000000000000 000000000000000011111111 3 0 1 1 0 0 0 1 1 0 0 0 0 0 1 1 0 0 0 0 8 1 36 1 36 1 36 1 36 1 36 
0 63 1 247.939 262.102 0.217458 0.97607 -0.826005 0.563663 1 000000000000000000000000 000000000000000011111111 3 0 1 1 0 0 0 1 1 0 0 0 0 0 1 1 0 0 0 0 8 1 36 1 36 1 36 1 36 1 36 
0 64 1 248 269.204 -0.358559 0.933507 -0.361846 -0.932238 1 000000000000000000000000 000000000000000011111111 3 0 1 1 0 0 0 1 1 0 0 0 0 0 1 1 0 0 0 0 8 1 36 1 36 1 36 1 36 1 36 
0 65 1 247.938 277.188 0.235846 0.97179 -0.869674 0.493626 1 000000000000000000000000 000000000000000011111111 3 0 1 1 0 0 0 1 1 0 0 0 0 0 1 1 0 0 0 0 8 1 36 1 36 1 36 1 36 1 36 
0 66 1 246.643 286.857 0.0874945 0.996165 0.251112 -0.967958 1 000000000000000000000000 000000000000000011111111 3 0 1 1 0 0 0 1 1 0 0 0 0 0 1 1 0 0 0 0 8 1 36 1 36 1 36 
0 67 1 255.255 211.382 -0.973233 0.229822 -0.960929 -0.276795 1 000000000000000000000000 000000000000000011111111 3 0 1 1 0 0 0 1 1 0 0 0 0 0 1 1 0 0 0 0 8 1 36 1 36 1 36 
0 68 1 254.653 219.49 -0.630216 0.77642 -0.999646 0.0265981 1 000000000000000000000000 000000000000000011111111 3 0 1 1 0 0 0 1 1 0 0 0 0 0 1 1 0 0 0 0 8 1 36 1 36 1 36 1 36 1 36 1 36 
0 69 1 255.673 226.449 0.15098 0.988537 0.185475 -0.982649 1 000000000000000000000000 000000000000000011111111 3 0 1 1 0 0 0 1 1 0 0 0 0 0 1 1 0 0 0 0 8 1 36 1 36 1 36 1 36 
0 70 1 254.848 233.63 -0.641009 -0.767533 0.352904 0.93566 1 000000000000000000000000 000000000000000011111111 3 0 1 1 0 0 0 1 1 0 0 0 0 0 1 1 0 0 0 0 8 1 36 1 36 1 36 1 36 1 36 1 36 
0 71 1 254.843 241.118 -0.999451 0.0331253 -0.148645 -0.988891 1 000000000000000000000000 000000000000000011111111 3 0 1 1 0 0 0 1 1 0 0 0 0 0 1 1 0 0 0 0 8 1 36 1 36 1 36 1 36 1 36 
0 72 1 255.176 247.902 -0.442239 -0.896897 -0.996934 -0.0782477 1 000000000000000000000000 000000000000000011111111 3 0 1 1 0 0 0 1 1 0 0 0 0 0 1 1 0 0 0 0 8 1 36 1 36 1 36 1 36 1 36 1 36 
0 73 1 254.571 254.939 0.914537 -0.404502 -0.102861 0.994696 1 000000000000000000000000 000000000000000011111111 3 0 1 1 0 0 0 1 1 0 0 0 0 0 1 1 0 0 0 0 8 1 36 1 36 1 36 1 36 1 36 
0 74 1 255.58 261.96 0.0455391 -0.998963 -0.981288 0.192547 1 000000000000000000000000 000000000000000011111111 3 0 1 1 0 0 0 1 1 0 0 0 0 0 1 1 0 0 0 0 8 1 36 1 36 1 36 1 36 1 36 1 36 
0 75 1 255.085 269.106 0.105189 -0.994452 -0.0389676 -0.99924 1 000000000000000000000000 000000000000000011111111 3 0 1 1 0 0 0 1 1 0 0 0 0 0 1 1 0 0 0 0 8 1 36 1 36 1 36 1 36 1 36 
0 76 1 255.52 275.96 -0.606765 0.794882 0.427856 -0.903847 1 000000000000000000000000 000000000000000011111111 3 0 1 1 0 0 0 1 1 0 0 0 0 0 1 1 0 0 0 0 8 1 36 1 36 1 36 1 36 1 36 1 36 
0 77 1 254.019 284.463 0.720132 0.693837 0.325603 -0.945506 1 000000000000000000000000 000000000000000011111111 3 0 1 1 0 0 0 1 1 0 0 0 0 0 1 1 0 0 0 0 8 1 36 1 36 1 36 
0 78 1 261.833 212.37 0.222819 0.97486 0.928477 0.371391 1 000000000000000000000000 000000000000000011111111 3 0 1 1 0 0 0 1 1 0 0 0 0 0 1 1 0 0 0 0 8 1 36 1 36 1 36 1 36 
0 79 1 263.34 219.22 -0.377202 -0.926131 -0.66425 -0.747511 1 000000000000000000000000 000000000000000011111111 3 0 1 1 0 0 0 1 1 0 0 0 0 0 1 1 0 0 0 0 8 1 36 1 36 1 36 1 36 1 36 
0 80 1 261.917 226.938 0.99387 0.110552 0.861253 -0.508177 1 000000000000000000000000 000000000000000011111111 3 0 1 1 0 0 0 1 1 0 0 0 0 0 1 1 0 0 0 0 8 1 36 1 36 1 36 1 36 1 36 
0 81 1 262.288 233.962 0.740413 0.672153 -0.650601 -0.75942 1 000000000000000000000000 000000000000000011111111 3 0 1 1 0 0 0 1 1 0 0 0 0 0 1 1 0 0 0 0 8 1 36 1 36 1 36 1 36 
0 82 1 262.92 240.92 0.11197 -0.993712 -0.471246 -0.882002 1 000000000000000000000000 000000000000000011111111 3 0 1 1 0 0 0 1 1 0 0 0 0 0 1 1 0 0 0 0 8 1 36 1 36 1 36 1 36 1 36 1 36 
0 83 1 262.653 248.367 0.676976 -0.736005 0.999795 -0.0202625 1 000000000000000000000000 000000000000000011111111 3 0 1 1 0 0 0 1 1 0 0 0 0 0 1 1 0 0 0 0 8 1 36 1 36 1 36 1 36 1 36 
0 84 1 261.551 255.143 0.575302 0.817941 -0.707942 -0.706271 1 000000000000000000000000 000000000000000011111111 3 0 1 1 0 0 0 1 1 0 0 0 0 0 1 1 0 0 0 0 8 1 36 1 36 1 36 1 36 1 36 1 36 
0 85 1 263.42 262.6 0.991573 0.129545 -0.93307 -0.359695 1 000000000000000000000000 000000000000000011111111 3 0 1 1 0 0 0 1 1 0 0 0 0 0 1 1 0 0 0 0 8 1 36 1 36 1 36 1 36 1 36 1 36 
0 86 1 262.538 269 0.64276 0.766067 0.591438 0.80635 1 000000000000000000000000 000000000000000011111111 3 0 1 1 0 0 0 1 1 0 0 0 0 0 1 1 0 0 0 0 8 1 36 1 36 1 36 1 36 1 36 1 36 
0 87 1 263.18 277.18 0.381835 -0.92423 0.941963 0.335717 1 000000000000000000000000 000000000000000011111111 3 0 1 1 0 0 0 1 1 0 0 0 0 0 1 1 0 0 0 0 8 1 36 1 36 1 36 1 36 1 36 
0 88 1 261.964 284.582 0.964783 0.263046 -0.427129 -0.904191 1 000000000000000000000000 000000000000000011111111 3 0 1 1 0 0 0 1 1 0 0 0 0 0 1 1 0 0 0 0 8 1 36 1 36 1 36 
0 89 1 268.352 211.315 0.474541 -0.880234 0.997225 -0.0744507 1 000000000000000000000000 000000000000000011111111 3 0 1 1 0 0 0 1 1 0 0 0 0 0 1 1 0 0 0 0 8 1 36 1 36 1 36 1 36 
0 90 1 271.736 219.472 -0.759547 0.650453 -0.998979 -0.0451799 1 000000000000000000000000 000000000000000011111111 3 0 1 1 0 0 0 1 1 0 0 0 0 0 1 1 0 0 0 0 8 1 36 1 36 1 36 1 36 
0 91 1 271.038 226.442 -0.0812313 -0.996695 0.443835 0.896108 1 000000000000000000000000 000000000000000011111111 3 0 1 1 0 0 0 1 1 0 0 0 0 0 1 1 0 0 0 0 8 1 36 1 36 1 36 
0 92 1 270.537 234.148 0.836522 -0.547934 0.72506 0.688686 1 000000000000000000000000 000000000000000011111111 3 0 1 1 0 0 0 1 1 0 0 0 0 0 1 1 0 0 0 0 8 1 36 1 36 1 36 1 36 
0 93 1 270.411 241.214 0.465954 0.884809 -0.765891 -0.64297 1 000000000000000000000000 000000000000000011111111 3 0 1 1 0 0 0 1 1 0 0 0 0 0 1 1 0 0 0 0 8 1 36 1 36 1 36 
0 94 1 270.471 247.863 -0.998427 0.056075 0.964764 0.263117 1 000000000000000000000000 000000000000000011111111 3 0 1 1 0 0 0 1 1 0 0 0 0 0 1 1 0 0 0 0 8 1 36 1 36 1 36 1 36 
0 95 1 269.286 255.268 0.99807 -0.0621052 -0.857662 -0.514215 1 000000000000000000000000 000000000000000011111111 3 0 1 1 0 0 0 1 1 0 0 0 0 0 1 1 0 0 0 0 8 1 36 1 36 1 36 1 36 1 36 
0 96 1 271.635 262.423 -0.101656 0.99482 -0.998341 0.057581 1 000000000000000000000000 000000000000000011111111 3 0 1 1 0 0 0 1 1 0 0 0 0 0 1 1 0 0 0 0 8 1 36 1 36 1 36 
0 97 1 270.714 268.982 -0.81234 0.583184 -0.812847 0.582478 1 000000000000000000000000 000000000000000011111111 3 0 1 1 0 0 0 1 1 0 0 0 0 0 1 1 0 0 0 0 8 1 36 1 36 1 36 1 36 
0 98 1 271.429 276.232 0.681008 0.732276 -0.665679 0.746239 1 000000000000000000000000 000000000000000011111111 3 0 1 1 0 0 0 1 1 0 0 0 0 0 1 1 0 0 0 0 8 1 36 1 36 1 36 
0 99 1 270.118 284.255 -0.432773 0.901503 -0.0152009 -0.999884 1 000000000000000000000000 000000000000000011111111 3 0 1 1 0 0 0 1 1 0 0 0 0 0 1 1 0 0 0 0 8 1 36 1 36 
0 100 1 276.509 212.544 -0.948944 -0.315444 -0.415053 -0.909797 1 000000000000000000000000 000000000000000011111111 3 0 1 1 0 0 0 1 1 0 0 0 0 0 1 1 0 0 0 0 8 1 36 1 36 
1000 1 1 193.276 187.672 -0.688749 -0.724999 0.970909 0.239449 1001 000000000000000000000000 000000000000000011111111 3 0 1 1 0 0 0 1 1 0 0 0 0 0 1 1 0 0 0 0 8 
1000 2 1 180.14 210.596 -0.937214 0.348755 0.263404 -0.964686 1001 000000000000000000000000 000000000000000011111111 3 0 1 1 0 0 0 1 1 0 0 0 0 0 1 1 0 0 0 0 8 
1000 3 1 170.852 230.019 -0.481979 0.876183 0.995978 0.0896003 1001 000000000000000000000000 000000000000000011111111 3 0 1 1 0 0 0 1 1 0 0 0 0 0 1 1 0 0 0 0 8 1 36 
1000 4 1 191.25 229.518 0.189599 -0.981862 0.796387 -0.604788 1001 000000000000000000000000 000000000000000011111111 3 0 1 1 0 0 0 1 1 0 0 0 0 0 1 1 0 0 0 0 8 
1000 5 1 162.792 239.528 -0.812606 0.582813 -0.528136 -0.84916 1001 000000000000000000000000 000000000000000011111111 3 0 1 1 0 0 0 1 1 0 0 0 0 0 1 1 0 0 0 0 8 
1000 6 1 173.382 260.382 -0.964971 -0.262358 -0.751686 0.659521 1001 000000000000000000000000 000000000000000011111111 3 0 1 1 0 0 0 1 1 0 0 0 0 0 1 1 0 0 0 0 8 
1000 7 1 196.263 264.316 -0.293193 0.956053 -0.972382 0.233394 1001 000000000000000000000000 000000000000000011111111 3 0 1 1 0 0 0 1 1 0 0 0 0 0 1 1 0 0 0 0 8 1 36 
1000 8 1 206.63 270.722 0.772013 0.635607 0.499558 -0.866281 1001 000000000000000000000000 000000000000000011111111 3 0 1 1 0 0 0 1 1 0 0 0 0 0 1 1 0 0 0 0 8 1 36 
1000 9 1 183.453 267.075 0.519042 -0.854749 -0.916157 -0.400819 1001 000000000000000000000000 000000000000000011111111 3 0 1 1 0 0 0 1 1 0 0 0 0 0 1 1 0 0 0 0 8 
1000 10 1 177.358 298.623 -0.992691 0.120684 0.997447 -0.0714108 1001 000000000000000000000000 000000000000000011111111 3 0 1 1 0 0 0 1 1 0 0 0 0 0 1 1 0 0 0 0 8 
1000 11 1 210.5 289.556 -0.989167 -0.146794 0.492818 0.870132 1001 000000000000000000000000 000000000000000011111111 3 0 1 1 0 0 0 1 1 0 0 0 0 0 1 1 0 0 0 0 8 
1000 12 1 191.4 214.418 -0.00683769 0.999977 -0.985889 0.167399 1001 000000000000000000000000 000000000000000011111111 3 0 1 1 0 0 0 1 1 0 0 0 0 0 1 1 0 0 0 0 8 
1000 13 1 213.058 226.365 -0.658152 0.752885 -0.684122 0.729368 1001 000000000000000000000000 000000000000000011111111 3 0 1 1 0 0 0 1 1 0 0 0 0 0 1 1 0 0 0 0 8 1 36 
1000 14 1 197.527 219.691 -0.916285 0.400526 -0.620139 0.784492 1001 000000000000000000000000 000000000000000011111111 3 0 1 1 0 0 0 1 1 0 0 0 0 0 1 1 0 0 0 0 8 
1000 15 1 215.981 233.189 0.599076 -0.800692 0.925055 0.379834 1001 000000000000000000000000 000000000000000011111111 3 0 1 1 0 0 0 1 1 0 0 0 0 0 1 1 0 0 0 0 8 1 36 
1000 16 1 183.054 221.286 -0.879469 -0.475956 -0.84921 -0.528056 1001 000000000000000000000000 000000000000000011111111 3 0 1 1 0 0 0 1 1 0 0 0 0 0 1 1 0 0 0 0 8 
1000 17 1 172.556 237.889 -0.997595 -0.0693056 -0.788101 -0.615546 1001 000000000000000000000000 000000000000000011111111 3 0 1 1 0 0 0 1 1 0 0 0 0 0 1 1 0 0 0 0 8 1 36 
1000 18 1 189.358 240.642 0.249193 -0.968454 -0.858543 -0.512741 1001 000000000000000000000000 000000000000000011111111 3 0 1 1 0 0 0 1 1 0 0 0 0 0 1 1 0 0 0 0 8 
1000 19 1 223.189 288.623 -0.402381 -0.915472 -0.288322 -0.957533 1001 000000000000000000000000 000000000000000011111111 3 0 1 1 0 0 0 1 1 0 0 0 0 0 1 1 0 0 0 0 8 1 36 
1000 20 1 191.185 277.426 -0.702297 -0.711884 -0.925699 -0.37826 1001 000000000000000000000000 000000000000000011111111 3 0 1 1 0 0 0 1 1 0 0 0 0 0 1 1 0 0 0 0 8 
1000 21 1 220.148 278.463 0.628135 -0.778104 -0.98807 -0.154005 1001 000000000000000000000000 000000000000000011111111 3 0 1 1 0 0 0 1 1 0 0 0 0 0 1 1 0 0 0 0 8 1 36 
1000 22 1 199.536 321.518 0.326266 0.945278 -0.113268 -0.993565 1001 000000000000000000000000 000000000000000011111111 3 0 1 1 0 0 0 1 1 0 0 0 0 0 1 1 0 0 0 0 8 
1000 23 1 227.036 171.255 -0.195304 -0.980743 -0.115796 0.993273 1001 000000000000000000000000 000000000000000011111111 3 0 1 1 0 0 0 1 1 0 0 0 0 0 1 1 0 0 0 0 8 
1000 24 1 217.058 189.654 -0.0963403 -0.995348 0.162373 0.986729 1001 000000000000000000000000 000000000000000011111111 3 0 1 1 0 0 0 1 1 0 0 0 0 0 1 1 0 0 0 0 8 
1000 25 1 235.855 205.8 -0.982579 -0.185844 -0.995766 0.091929 1001 000000000000000000000000 000000000000000011111111 3 0 1 1 0 0 0 1 1 0 0 0 0 0 1 1 0 0 0 0 8 1 36 
1000 26 1 202.885 234.077 0.723274 0.690561 -0.814578 -0.580054 1001 000000000000000000000000 000000000000000011111111 3 0 1 1 0 0 0 1 1 0 0 0 0 0 1 1 0 0 0 0 8 1 36 
1000 27 1 199.909 244.345 0.701651 0.71252 -0.989407 -0.145165 1001 000000000000000000000000 000000000000000011111111 3 0 1 1 0 0 0 1 1 0 0 0 0 0 1 1 0 0 0 0 8 1 36 
1000 28 1 218.852 266.093 -0.382099 -0.924121 0.0955362 0.995426 1001 000000000000000000000000 000000000000000011111111 3 0 1 1 0 0 0 1 1 0 0 0 0 0 1 1 0 0 0 0 8 
1000 29 1 195.352 256.148 -0.820637 0.57145 -0.70998 0.704222 1001 000000000000000000000000 000000000000000011111111 3 0 1 1 0 0 0 1 1 0 0 0 0 0 1 1 0 0 0 0 8 1 36 
1000 30 1 211.891 275.964 -0.256661 0.966501 0.705444 -0.708766 1001 000000000000000000000000 000000000000000011111111 3 0 1 1 0 0 0 1 1 0 0 0 0 0 1 1 0 0 0 0 8 1 36 1 36 
1000 31 1 212.352 301.833 -0.982507 -0.186227 -0.83625 -0.548349 1001 000000000000000000000000 000000000000000011111111 3 0 1 1 0 0 0 1 1 0 0 0 0 0 1 1 0 0 0 0 8 1 36 
1000 32 1 211.429 322.411 -0.998675 0.0514553 0.902285 0.431141 1001 000000000000000000000000 000000000000000011111111 3 0 1 1 0 0 0 1 1 0 0 0 0 0 1 1 0 0 0 0 8 
1000 33 1 219.893 312.554 0.947157 0.320769 0.553012 -0.833173 1001 000000000000000000000000 000000000000000011111111 3 0 1 1 0 0 0 1 1 0 0 0 0 0 1 1 0 0 0 0 8 
1000 34 1 240.906 170.509 0.892104 0.45183 -0.838247 0.54529 1001 000000000000000000000000 000000000000000011111111 3 0 1 1 0 0 0 1 1 0 0 0 0 0 1 1 0 0 0 0 8 
1000 35 1 228.944 214.833 -0.207764 -0.978179 0.987617 0.156881 1001 000000000000000000000000 000000000000000011111111 3 0 1 1 0 0 0 1 1 0 0 0 0 0 1 1 0 0 0 0 8 
1000 36 1 235.037 228.426 0.924741 -0.380597 -0.397552 -0.91758 1001 000000000000000000000000 000000000000000011111111 3 0 1 1 0 0 0 1 1 0 0 0 0 0 1 1 0 0 0 0 8 
1000 37 1 209.309 208.836 -0.864126 -0.503276 -0.114655 0.993405 1001 000000000000000000000000 000000000000000011111111 3 0 1 1 0 0 0 1 1 0 0 0 0 0 1 1 0 0 0 0 8 
1000 38 1 207.786 251.643 -0.889768 0.456413 -0.634032 0.773307 1001 000000000000000000000000 000000000000000011111111 3 0 1 1 0 0 0 1 1 0 0 0 0 0 1 1 0 0 0 0 8 
1000 39 1 232.278 255.907 0.954705 0.297553 -0.985785 0.168015 1001 000000000000000000000000 000000000000000011111111 3 0 1 1 0 0 0 1 1 0 0 0 0 0 1 1 0 0 0 0 8 1 36 
1000 40 1 210.339 260.464 -0.60143 0.798925 0.657844 -0.753154 1001 000000000000000000000000 000000000000000011111111 3 0 1 1 0 0 0 1 1 0 0 0 0 0 1 1 0 0 0 0 8 
1000 41 1 229.327 264.269 0.638113 -0.769943 -0.937511 0.347957 1001 000000000000000000000000 000000000000000011111111 3 0 1 1 0 0 0 1 1 0 0 0 0 0 1 1 0 0 0 0 8 
1000 42 1 217.404 253.692 -0.218918 -0.975743 -0.0174332 -0.999848 1001 000000000000000000000000 000000000000000011111111 3 0 1 1 0 0 0 1 1 0 0 0 0 0 1 1 0 0 0 0 8 
1000 43 1 231.446 287.446 -0.996566 0.0828072 0.98255 0.185997 1001 000000000000000000000000 000000000000000011111111 3 0 1 1 0 0 0 1 1 0 0 0 0 0 1 1 0 0 0 0 8 1 36 
1000 44 1 230.855 316.109 -0.974202 0.225677 0.999868 -0.0162769 1001 000000000000000000000000 000000000000000011111111 3 0 1 1 0 0 0 1 1 0 0 0 0 0 1 1 0 0 0 0 8 
1000 45 1 232.717 197.849 -0.186961 0.982367 -0.782484 -0.62267 1001 000000000000000000000000 000000000000000011111111 3 0 1 1 0 0 0 1 1 0 0 0 0 0 1 1 0 0 0 0 8 1 36 
1000 46 1 240.145 192.891 -0.0245827 -0.999698 0.346374 0.938096 1001 000000000000000000000000 000000000000000011111111 3 0 1 1 0 0 0 1 1 0 0 0 0 0 1 1 0 0 0 0 8 
1000 47 1 253.472 209.415 -0.635944 -0.771735 0.749986 0.661454 1001 000000000000000000000000 000000000000000011111111 3 0 1 1 0 0 0 1 1 0 0 0 0 0 1 1 0 0 0 0 8 1 36 1 36 
1000 48 1 224.491 226.415 0.405362 0.914156 0.613734 -0.789513 1001 000000000000000000000000 000000000000000011111111 3 0 1 1 0 0 0 1 1 0 0 0 0 0 1 1 0 0 0 0 8 1 36 
1000 49 1 226.673 235.655 0.932385 -0.361466 0.576596 -0.81703 1001 000000000000000000000000 000000000000000011111111 3 0 1 1 0 0 0 1 1 0 0 0 0 0 1 1 0 0 0 0 8 1 36 
1000 50 1 247.593 244.037 0.634085 -0.773264 0.934614 0.355663 1001 000000000000000000000000 000000000000000011111111 3 0 1 1 0 0 0 1 1 0 0 0 0 0 1 1 0 0 0 0 8 
1000 51 1 258.893 246.643 -0.147712 0.98903 0.866866 -0.498541 1001 000000000000000000000000 000000000000000011111111 3 0 1 1 0 0 0 1 1 0 0 0 0 0 1 1 0 0 0 0 8 1 36 
1000 52 1 232.25 246.893 0.9606 0.277936 0.808103 -0.589041 1001 000000000000000000000000 000000000000000011111111 3 0 1 1 0 0 0 1 1 0 0 0 0 0 1 1 0 0 0 0 8 
1000 53 1 243.685 282.222 -0.157581 0.987506 0.358508 -0.933527 1001 000000000000000000000000 000000000000000011111111 3 0 1 1 0 0 0 1 1 0 0 0 0 0 1 1 0 0 0 0 8 
1000 54 1 247.109 291.564 0.993156 -0.116799 -0.353057 0.935602 1001 000000000000000000000000 000000000000000011111111 3 0 1 1 0 0 0 1 1 0 0 0 0 0 1 1 0 0 0 0 8 1 36 
1000 55 1 244.558 325.481 0.593722 0.804671 0.102039 -0.99478 1001 000000000000000000000000 000000000000000011111111 3 0 1 1 0 0 0 1 1 0 0 0 0 0 1 1 0 0 0 0 8 
1000 56 1 258.34 166.02 -0.294086 0.955779 -0.355143 -0.934812 1001 000000000000000000000000 000000000000000011111111 3 0 1 1 0 0 0 1 1 0 0 0 0 0 1 1 0 0 0 0 8 
1000 57 1 248.778 216.87 0.0600999 0.998192 0.144658 -0.989482 1001 000000000000000000000000 000000000000000011111111 3 0 1 1 0 0 0 1 1 0 0 0 0 0 1 1 0 0 0 0 8 1 36 1 36 
1000 58 1 260.018 204.5 -0.707107 -0.707107 -0.795349 -0.606151 1001 000000000000000000000000 000000000000000011111111 3 0 1 1 0 0 0 1 1 0 0 0 0 0 1 1 0 0 0 0 8 1 36 
1000 59 1 239.481 216.148 -0.793589 -0.608454 0.407003 -0.913427 1001 000000000000000000000000 000000000000000011111111 3 0 1 1 0 0 0 1 1 0 0 0 0 0 1 1 0 0 0 0 8 
1000 60 1 265.407 226.611 -0.883229 -0.468941 -0.298636 -0.954367 1001 000000000000000000000000 000000000000000011111111 3 0 1 1 0 0 0 1 1 0 0 0 0 0 1 1 0 0 0 0 8 
1000 61 1 270.138 250.862 -0.83365 -0.552293 -0.341602 0.939845 1001 000000000000000000000000 000000000000000011111111 3 0 1 1 0 0 0 1 1 0 0 0 0 0 1 1 0 0 0 0 8 
1000 62 1 239.019 265.259 -0.0310863 -0.999517 -0.502239 -0.864729 1001 000000000000000000000000 000000000000000011111111 3 0 1 1 0 0 0 1 1 0 0 0 0 0 1 1 0 0 0 0 8 1 36 
1000 63 1 259.218 270.109 0.252507 -0.967595 -0.708872 -0.705337 1001 000000000000000000000000 000000000000000011111111 3 0 1 1 0 0 0 1 1 0 0 0 0 0 1 1 0 0 0 0 8 
1000 64 1 256.393 283.107 0.756276 0.654253 -0.224245 -0.974533 1001 000000000000000000000000 000000000000000011111111 3 0 1 1 0 0 0 1 1 0 0 0 0 0 1 1 0 0 0 0 8 
1000 65 1 238.906 295.755 0.371917 -0.928266 0.476055 0.879416 1001 000000000000000000000000 000000000000000011111111 3 0 1 1 0 0 0 1 1 0 0 0 0 0 1 1 0 0 0 0 8 
1000 66 1 223.887 299.906 -0.996139 0.08779 0.587069 0.809537 1001 000000000000000000000000 000000000000000011111111 3 0 1 1 0 0 0 1 1 0 0 0 0 0 1 1 0 0 0 0 8 1 36 
1000 67 1 263.228 185.246 -0.596484 0.802625 0.867051 -0.498219 1001 000000000000000000000000 000000000000000011111111 3 0 1 1 0 0 0 1 1 0 0 0 0 0 1 1 0 0 0 0 8 
1000 68 1 251.615 198.712 -0.703036 -0.711154 0.814135 0.580675 1001 000000000000000000000000 000000000000000011111111 3 0 1 1 0 0 0 1 1 0 0 0 0 0 1 1 0 0 0 0 8 
1000 69 1 256 220.717 -0.0102709 -0.999947 -0.895192 0.445681 1001 000000000000000000000000 000000000000000011111111 3 0 1 1 0 0 0 1 1 0 0 0 0 0 1 1 0 0 0 0 8 1 36 
1000 70 1 245.113 231.642 -0.999982 -0.0060059 -0.0464059 0.998923 1001 000000000000000000000000 000000000000000011111111 3 0 1 1 0 0 0 1 1 0 0 0 0 0 1 1 0 0 0 0 8 
1000 71 1 266.185 240.537 -0.878893 0.477019 0.930348 -0.366678 1001 000000000000000000000000 000000000000000011111111 3 0 1 1 0 0 0 1 1 0 0 0 0 0 1 1 0 0 0 0 8 
1000 72 1 249.094 253.245 -0.247914 -0.968782 0.0614388 0.998111 1001 000000000000000000000000 000000000000000011111111 3 0 1 1 0 0 0 1 1 0 0 0 0 0 1 1 0 0 0 0 8 
1000 73 1 261.981 256.358 0.327096 -0.944991 -0.840297 -0.542127 1001 000000000000000000000000 000000000000000011111111 3 0 1 1 0 0 0 1 1 0 0 0 0 0 1 1 0 0 0 0 8 1 36 
1000 74 1 250.255 263.673 -0.665827 -0.746106 -0.700674 0.713482 1001 000000000000000000000000 000000000000000011111111 3 0 1 1 0 0 0 1 1 0 0 0 0 0 1 1 0 0 0 0 8 
1000 75 1 277.566 272.868 -0.364286 -0.931287 0.439043 0.898466 1001 000000000000000000000000 000000000000000011111111 3 0 1 1 0 0 0 1 1 0 0 0 0 0 1 1 0 0 0 0 8 
1000 76 1 248.358 301.226 -0.999874 0.0158857 -0.775031 0.631923 1001 000000000000000000000000 000000000000000011111111 3 0 1 1 0 0 0 1 1 0 0 0 0 0 1 1 0 0 0 0 8 1 36 
1000 77 1 264.962 327.868 -0.830267 0.557367 0.964708 0.263322 1001 000000000000000000000000 000000000000000011111111 3 0 1 1 0 0 0 1 1 0 0 0 0 0 1 1 0 0 0 0 8 
1000 78 1 243.019 181.604 -0.738538 -0.674212 -0.395909 0.91829 1001 000000000000000000000000 000000000000000011111111 3 0 1 1 0 0 0 1 1 0 0 0 0 0 1 1 0 0 0 0 8 
1000 79 1 264.019 195.759 0.150362 0.988631 -0.85167 -0.524078 1001 000000000000000000000000 000000000000000011111111 3 0 1 1 0 0 0 1 1 0 0 0 0 0 1 1 0 0 0 0 8 
1000 80 1 277.164 225.782 -0.937699 -0.347448 -0.336336 -0.941742 1001 000000000000000000000000 000000000000000011111111 3 0 1 1 0 0 0 1 1 0 0 0 0 0 1 1 0 0 0 0 8 1 36 1 36 
1000 81 1 274.527 215.655 0.256715 0.966487 -0.731283 -0.682075 1001 000000000000000000000000 000000000000000011111111 3 0 1 1 0 0 0 1 1 0 0 0 0 0 1 1 0 0 0 0 8 
1000 82 1 278.615 242.558 -0.931013 0.364986 0.362446 0.932005 1001 000000000000000000000000 000000000000000011111111 3 0 1 1 0 0 0 1 1 0 0 0 0 0 1 1 0 0 0 0 8 
1000 83 1 280.745 256 0.930614 -0.366003 0.14819 -0.988959 1001 000000000000000000000000 000000000000000011111111 3 0 1 1 0 0 0 1 1 0 0 0 0 0 1 1 0 0 0 0 8 
1000 84 1 270.107 283.143 0.947532 -0.31966 -0.0473694 -0.998877 1001 000000000000000000000000 000000000000000011111111 3 0 1 1 0 0 0 1 1 0 0 0 0 0 1 1 0 0 0 0 8 
1000 85 1 287.069 265.207 -0.390312 0.920683 -0.923564 -0.383444 1001 000000000000000000000000 000000000000000011111111 3 0 1 1 0 0 0 1 1 0 0 0 0 0 1 1 0 0 0 0 8 
1000 86 1 285.885 275.212 -0.938659 -0.344846 -0.86652 -0.499143 1001 000000000000000000000000 000000000000000011111111 3 0 1 1 0 0 0 1 1 0 0 0 0 0 1 1 0 0 0 0 8 
1000 87 1 262.481 292.481 -0.888674 0.45854 0.796544 -0.604581 1001 000000000000000000000000 000000000000000011111111 3 0 1 1 0 0 0 1 1 0 0 0 0 0 1 1 0 0 0 0 8 
1000 88 1 266.547 301.057 -0.593592 0.804766 -0.387898 0.921702 1001 000000000000000000000000 000000000000000011111111 3 0 1 1 0 0 0 1 1 0 0 0 0 0 1 1 0 0 0 0 8 
1000 89 1 279.648 182.148 0.288324 -0.957533 -0.0237322 -0.999718 1001 000000000000000000000000 000000000000000011111111 3 0 1 1 0 0 0 1 1 0 0 0 0 0 1 1 0 0 0 0 8 
1000 90 1 299.8 224.273 -0.939046 -0.343792 0.0444664 -0.999011 1001 000000000000000000000000 000000000000000011111111 3 0 1 1 0 0 0 1 1 0 0 0 0 0 1 1 0 0 0 0 8 
1000 91 1 286.741 209.481 0.927586 -0.373611 -0.88363 0.468186 1001 000000000000000000000000 000000000000000011111111 3 0 1 1 0 0 0 1 1 0 0 0 0 0 1 1 0 0 0 0 8 
1000 92 1 303.055 207.855 -0.555496 -0.831519 0.99785 -0.0655432 1001 000000000000000000000000 000000000000000011111111 3 0 1 1 0 0 0 1 1 0 0 0 0 0 1 1 0 0 0 0 8 
1000 93 1 285.34 229.48 -0.695142 -0.718872 -0.268172 0.963371 1001 000000000000000000000000 000000000000000011111111 3 0 1 1 0 0 0 1 1 0 0 0 0 0 1 1 0 0 0 0 8 1 36 
1000 94 1 274.423 233.423 -0.404995 -0.914319 -0.57712 0.81666 1001 000000000000000000000000 000000000000000011111111 3 0 1 1 0 0 0 1 1 0 0 0 0 0 1 1 0 0 0 0 8 1 36 
1000 95 1 306.673 262.127 -0.779862 -0.625951 0.265892 -0.964003 1001 000000000000000000000000 000000000000000011111111 3 0 1 1 0 0 0 1 1 0 0 0 0 0 1 1 0 0 0 0 8 
1000 96 1 304.784 283.863 0.676 -0.736901 -0.717837 -0.696211 1001 000000000000000000000000 000000000000000011111111 3 0 1 1 0 0 0 1 1 0 0 0 0 0 1 1 0 0 0 0 8 
1000 97 1 307.17 312.094 0.976314 0.216358 0.223572 -0.974687 1001 000000000000000000000000 000000000000000011111111 3 0 1 1 0 0 0 1 1 0 0 0 0 0 1 1 0 0 0 0 8 
1000 98 1 280.893 293.732 -0.460645 0.887584 -0.703029 0.711161 1001 000000000000000000000000 000000000000000011111111 3 0 1 1 0 0 0 1 1 0 0 0 0 0 1 1 0 0 0 0 8 
1000 99 1 282.698 284.547 -0.705755 0.708456 0.968265 -0.249926 1001 000000000000000000000000 000000000000000011111111 3 0 1 1 0 0 0 1 1 0 0 0 0 0 1 1 0 0 0 0 8 
1000 100 1 278.926 199.556 0.37166 -0.928369 -0.641147 -0.767418 1001 000000000000000000000000 000000000000000011111111 3 0 1 1 0 0 0 1 1 0 0 0 0 0 1 1 0 0 0 0 8 
