0 1 1 207.761 210.435 -0.962717 0.270511 -0.0571405 0.998366 1 000000000000000000000000 000011111111111111111111 3 0 1 1 0 0 0 1 1 0 0 0 0 0 1 1 0 0 0 0 8 1 12 1 12 1 12 
0 2 1 207.378 219.024 0.801766 0.597639 -0.464709 0.885464 1 000000000000000000000000 000011111111111111111111 3 0 1 1 0 0 0 1 1 0 0 0 0 0 1 1 0 0 0 0 8 1 12 1 12 1 12 1 12 
0 3 1 207.848 226.57 0.923816 -0.382838 0.718692 -0.695329 1 000000000000000000000000 000011111111111111111111 3 0 1 1 0 0 0 1 1 0 0 0 0 0 1 1 0 0 0 0 8 1 12 1 12 1 12 1 12 
0 4 1 208.783 232.725 -0.886582 -0.462572 -0.951861 -0.306531 1 000000000000000000000000 000011111111111111111111 3 0 1 1 0 0 0 1 1 0 0 0 0 0 1 1 0 0 0 0 8 1 12 1 12 1 12 1 12 1 12 
0 5 1 207.603 240.5 -0.865167 0.501483 0.68075 0.732516 1 000000000000000000000000 000011111111111111111111 3 0 1 1 0 0 0 1 1 0 0 0 0 0 1 1 0 0 0 0 8 1 12 1 12 1 12 1 12 1 12 
0 6 1 206.681 248.87 -0.962664 -0.270701 -0.760176 0.649717 1 000000000000000000000000 000011111111111111111111 3 0 1 1 0 0 0 1 1 0 0 0 0 0 1 1 0 0 0 0 8 1 12 1 12 1 12 1 12 
0 7 1 207.554 254.649 0.829425 -0.558619 0.906665 0.421852 1 000000000000000000000000 000011111111111111111111 3 0 1 1 0 0 0 1 1 0 0 0 0 0 1 1 0 0 0 0 8 1 12 1 12 1 12 1 12 
0 8 1 207.867 262.47 0.387001 0.922079 0.640065 0.76832 1 000000000000000000000000 000011111111111111111111 3 0 1 1 0 0 0 1 1 0 0 0 0 0 1 1 0 0 0 0 8 1 12 1 12 1 12 1 12 1 12 
0 9 1 210.563 268.451 0.992669 -0.120866 -0.907368 -0.420336 1 000000000000000000000000 000011111111111111111111 3 0 1 1 0 0 0 1 1 0 0 0 0 0 1 1 0 0 0 0 8 1 12 1 12 1 12 1 12 1 12 
0 10 1 209.3 277.062 -0.405743 -0.913987 -0.875117 -0.483912 1 000000000000000000000000 000011111111111111111111 3 0 1 1 0 0 0 1 1 0 0 0 0 0 1 1 0 0 0 0 8 1 12 1 12 1 12 1 12 1 12 
0 11 1 207.689 283.533 0.555412 0.831575 0.43425 0.900793 1 000000000000000000000000 000011111111111111111111 3 0 1 1 0 0 0 1 1 0 0 0 0 0 1 1 0 0 0 0 8 1 12 1 12 
0 12 1 217.519 208.222 -0.900857 -0.434116 0.267487 0.963561 1 000000000000000000000000 000011111111111111111111 3 0 1 1 0 0 0 1 1 0 0 0 0 0 1 1 0 0 0 0 8 1 12 1 12 1 12 1 12 
0 13 1 216.324 217.378 -0.999345 -0.0361888 -0.373822 -0.927501 1 000000000000000000000000 000011111111111111111111 3 0 1 1 0 0 0 1 1 0 0 0 0 0 1 1 0 0 0 1 12 1 12 1 12 1 12 1 12 1 12 1 12 
0 14 1 217.899 226.667 0.728027 -0.685549 -0.854349 0.5197 1 000000000000000000000000 000011111111111111111111 3 0 1 1 0 0 0 1 1 0 0 0 0 0 1 1 0 0 0 1 12 1 12 1 12 1 12 1 12 1 12 1 12 1 12 
0 15 1 216.59 234.23 0.945307 0.326181 -0.89603 0.443993 1 000000000000000000000000 000011111111111111111111 3 0 1 1 0 0 0 1 1 0 0 0 0 0 1 1 0 0 0 1 12 1 12 1 12 1 12 1 12 
0 16 1 217.541 241.23 -0.432355 0.901704 0.67261 -0.739998 1 000000000000000000000000 000011111111111111111111 3 0 1 1 0 0 0 1 1 0 0 0 0 0 1 1 0 0 0 1 12 1 12 1 12 1 12 1 12 1 12 1 12 
0 17 1 216.889 247.429 0.847988 -0.530016 -0.991508 -0.130049 1 000000000000000000000000 000011111111111111111111 3 0 1 1 0 0 0 1 1 0 0 0 0 0 1 1 0 0 0 1 12 1 12 1 12 1 12 1 12 1 12 1 12 1 12 
0 18 1 217.515 255.03 -0.433368 -0.901217 0.60514 0.796119 1 000000000000000000000000 000011111111111111111111 3 0 1 1 0 0 0 1 1 0 0 0 0 0 1 1 0 0 0 1 12 1 12 1 12 1 12 1 12 1 12 1 12 1 12 
0 19 1 219.067 262.1 0.993469 0.114102 -0.836409 0.548106 1 000000000000000000000000 000011111111111111111111 3 0 1 1 0 0 0 1 1 0 0 0 0 0 1 1 0 0 0 1 12 1 12 1 12 1 12 1 12 1 12 
0 20 1 218.121 270.015 -0.44817 -0.893949 0.50408 0.863657 1 000000000000000000000000 000011111111111111111111 3 0 1 1 0 0 0 1 1 0 0 0 0 0 1 1 0 0 0 1 12 1 12 1 12 1 12 1 12 
0 21 1 217.493 278.041 -0.752625 0.65845 0.80695 0.59062 1 000000000000000000000000 000011111111111111111111 3 0 1 1 0 0 0 1 1 0 0 0 0 0 1 1 0 0 0 1 12 1 12 1 12 1 12 1 12 1 12 
0 22 1 217.698 288.291 0.880277 -0.47446 0.750009 0.661428 1 000000000000000000000000 000011111111111111111111 3 0 1 1 0 0 0 1 1 0 0 0 0 0 1 1 0 0 0 0 8 1 12 1 12 1 12 1 12 1 12 
0 23 1 226.156 209.182 -0.971859 -0.235563 0.839051 -0.544053 1 000000000000000000000000 000011111111111111111111 3 0 1 1 0 0 0 1 1 0 0 0 0 0 1 1 0 0 0 0 8 1 12 1 12 1 12 1 12 
0 24 1 225.028 217.535 -0.195203 -0.980763 -0.333673 0.942689 1 000000000000000000000000 000011111111111111111111 3 0 1 1 0 0 0 1 1 0 0 0 0 0 1 1 0 0 0 1 12 1 12 1 12 1 12 1 12 1 12 1 12 
0 25 1 225.75 225.25 -0.456884 -0.889526 0.811924 -0.583764 1 000000000000000000000000 000011111111111111111111 3 0 1 1 0 0 0 1 1 0 0 0 0 0 1 1 0 0 0 1 12 1 12 1 12 1 12 1 12 1 12 1 12 
0 26 1 224.82 233.164 -0.721285 -0.692638 0.442668 0.896686 1 000000000000000000000000 000011111111111111111111 3 0 1 1 0 0 0 1 1 0 0 0 0 0 1 1 0 0 0 1 12 1 12 1 12 1 12 1 12 1 12 
0 27 1 225.648 241.093 0.553376 0.832931 -0.966838 -0.255391 1 000000000000000000000000 000011111111111111111111 3 0 1 1 0 0 0 1 1 0 0 0 0 0 1 1 0 0 0 1 12 1 12 1 12 1 12 1 12 1 12 1 12 
0 28 1 226.259 247.879 0.974268 -0.225392 -0.980866 -0.194684 1 000000000000000000000000 000011111111111111111111 3 0 1 1 0 0 0 1 1 0 0 0 0 0 1 1 0 0 0 1 12 1 12 1 12 1 12 1 12 1 12 1 12 
0 29 1 225.82 254.787 0.984473 0.175536 0.453755 -0.891126 1 000000000000000000000000 000011111111111111111111 3 0 1 1 0 0 0 1 1 0 0 0 0 0 1 1 0 0 0 1 12 1 12 1 12 1 12 1 12 1 12 1 12 
0 30 1 226.935 261.919 0.370011 -0.929027 -0.0644114 -0.997923 1 000000000000000000000000 000011111111111111111111 3 0 1 1 0 0 0 1 1 0 0 0 0 0 1 1 0 0 0 1 12 1 12 1 12 1 12 1 12 1 12 1 12 
0 31 1 226.55 270.033 -0.555515 -0.831507 -0.747409 0.664364 1 000000000000000000000000 000011111111111111111111 3 0 1 1 0 0 0 1 1 0 0 0 0 0 1 1 0 0 0 1 12 1 12 1 12 1 12 1 12 1 12 1 12 
0 32 1 225.419 277.387 0.771522 0.636203 0.942129 -0.33525 1 000000000000000000000000 000011111111111111111111 3 0 1 1 0 0 0 1 1 0 0 0 0 0 1 1 0 0 0 1 12 1 12 1 12 1 12 1 12 1 12 1 12 
0 33 1 226.726 285.964 -0.759749 -0.650217 -0.471578 -0.881824 1 000000000000000000000000 000011111111111111111111 3 0 1 1 0 0 0 1 1 0 0 0 0 0 1 1 0 0 0 0 8 1 12 1 12 1 12 1 12 1 12 
0 34 1 233.342 206.924 -0.397227 -0.91772 -0.968647 -0.24844 1 000000000000000000000000 000011111111111111111111 3 0 1 1 0 0 0 1 1 0 0 0 0 0 1 1 0 0 0 0 8 1 12 1 12 1 12 1 12 
0 35 1 232.812 216.42 -0.778378 0.627796 0.674035 -0.7387 1 000000000000000000000000 000011111111111111111111 3 0 1 1 0 0 0 1 1 0 0 0 0 0 1 1 0 0 0 1 12 1 12 1 12 1 12 1 12 1 12 
0 36 1 233.241 225 -0.880046 -0.474888 0.724587 -0.689184 1 000000000000000000000000 000011111111111111111111 3 0 1 1 0 0 0 1 1 0 0 0 0 0 1 1 0 0 0 1 12 1 12 1 12 1 12 1 12 1 12 1 12 
0 37 1 232.717 233.35 -0.878136 0.478411 0.864001 -0.50349 1 000000000000000000000000 000011111111111111111111 3 0 1 1 0 0 0 1 1 0 0 0 0 0 1 1 0 0 0 1 12 1 12 1 12 1 12 1 12 1 12 1 12 
0 38 1 233.263 239.895 -0.876887 0.480697 -0.798785 0.601617 1 000000000000000000000000 000011111111111111111111 3 0 1 1 0 0 0 1 1 0 0 0 0 0 1 1 0 0 0 1 12 1 12 1 12 1 12 1 12 1 12 
0 39 1 233.842 248.544 0.57263 -0.819814 -0.129002 -0.991644 1 000000000000000000000000 000011111111111111111111 3 0 1 1 0 0 0 1 1 0 0 0 0 0 1 1 0 0 0 1 12 1 12 1 12 1 12 1 12 1 12 1 12 
0 40 1 235.509 253.792 0.986997 -0.160736 0.778906 -0.627141 1 000000000000000000000000 000011111111111111111111 3 0 1 1 0 0 0 1 1 0 0 0 0 0 1 1 0 0 0 1 12 1 12 1 12 1 12 1 12 1 12 1 12 
0 41 1 233.49 262.627 0.832043 -0.554711 0.359135 -0.933285 1 000000000000000000000000 000011111111111111111111 3 0 1 1 0 0 0 1 1 0 0 0 0 0 1 1 0 0 0 1 12 1 12 1 12 1 12 1 12 1 12 
0 42 1 234.611 269.185 -0.980079 0.198607 -0.643566 0.765391 1 000000000000000000000000 000011111111111111111111 3 0 1 1 0 0 0 1 1 0 0 0 0 0 1 1 0 0 0 1 12 1 12 1 12 1 12 1 12 1 12 1 12 
0 43 1 233.492 277.098 -0.445401 -0.895331 0.214997 0.976615 1 000000000000000000000000 000011111111111111111111 3 0 1 1 0 0 0 1 1 0 0 0 0 0 1 1 0 0 0 1 12 1 12 1 12 1 12 1 12 1 12 1 12 
0 44 1 234.507 285.104 0.997281 -0.073697 -0.970539 0.240943 1 000000000000000000000000 000011111111111111111111 3 0 1 1 0 0 0 1 1 0 0 0 0 0 1 1 0 0 0 0 8 1 12 1 12 1 12 1 12 1 12 
0 45 1 240.792 208.831 0.691962 0.721934 0.223916 -0.974608 1 000000000000000000000000 000011111111111111111111 3 0 1 1 0 0 0 1 1 0 0 0 0 0 1 1 0 0 0 0 8 1 12 1 12 1 12 1 12 
0 46 1 241.254 218.413 0.540663 0.841239 0.436866 0.899527 1 000000000000000000000000 000011111111111111111111 3 0 1 1 0 0 0 1 1 0 0 0 0 0 1 1 0 0 0 1 12 1 12 1 12 1 12 1 12 1 12 1 12 
0 47 1 240.273 226.055 0.976874 -0.213817 0.107309 -0.994226 1 000000000000000000000000 000011111111111111111111 3 0 1 1 0 0 0 1 1 0 0 0 0 0 1 1 0 0 0 1 12 1 12 1 12 1 12 1 12 
0 48 1 240.642 232.396 0.989533 -0.144304 0.863486 0.504373 1 000000000000000000000000 000011111111111111111111 3 0 1 1 0 0 0 1 1 0 0 0 0 0 1 1 0 0 0 1 12 1 12 1 12 1 12 1 12 1 12 1 12 
0 49 1 240 240.911 0.922768 0.385355 0.140601 -0.990066 1 000000000000000000000000 000011111111111111111111 3 0 1 1 0 0 0 1 1 0 0 0 0 0 1 1 0 0 0 1 12 1 12 1 12 1 12 1 12 1 12 1 12 
0 50 1 241.863 246.667 0.820273 -0.571972 -0.742223 0.670152 1 000000000000000000000000 000011111111111111111111 3 0 1 1 0 0 0 1 1 0 0 0 0 0 1 1 0 0 0 1 12 1 12 1 12 1 12 1 12 1 12 
0 51 1 242.784 255.157 -0.649325 0.760511 0.813109 0.582112 1 000000000000000000000000 000011111111111111111111 3 0 1 1 0 0 0 1 1 0 0 0 0 0 1 1 0 0 0 1 12 1 12 1 12 1 12 1 12 1 12 
0 52 1 240.132 261.132 -0.668332 0.743863 0.676364 0.736567 1 000000000000000000000000 000011111111111111111111 3 0 1 1 0 0 0 1 1 0 0 0 0 0 1 1 0 0 0 1 12 1 12 1 12 1 12 1 12 1 12 1 12 
0 53 1 241.982 269.895 -0.845379 -0.534167 -0.852877 -0.522112 1 000000000000000000000000 000011111111111111111111 3 0 1 1 0 0 0 1 1 0 0 0 0 0 1 1 0 0 0 1 12 1 12 1 12 1 12 1 12 1 12 1 12 
0 54 1 240.797 278.531 -0.426088 -0.904682 -0.14384 0.989601 1 000000000000000000000000 000011111111111111111111 3 0 1 1 0 0 0 1 1 0 0 0 0 0 1 1 0 0 0 1 12 1 12 1 12 1 12 1 12 1 12 1 12 1 12 
0 55 1 241.213 290.307 0.122957 0.992412 0.874673 0.484714 1 000000000000000000000000 000011111111111111111111 3 0 1 1 0 0 0 1 1 0 0 0 0 0 1 1 0 0 0 0 8 1 12 1 12 1 12 
0 56 1 248.128 206.436 0.0743572 0.997232 0.437482 -0.899227 1 000000000000000000000000 000011111111111111111111 3 0 1 1 0 0 0 1 1 0 0 0 0 0 1 1 0 0 0 0 8 1 12 1 12 1 12 1 12 1 12 
0 57 1 248.077 217.015 0.927485 0.373859 -0.290825 -0.956776 1 000000000000000000000000 000011111111111111111111 3 0 1 1 0 0 0 1 1 0 0 0 0 0 1 1 0 0 0 1 12 1 12 1 12 1 12 1 12 
0 58 1 249.016 224.984 -0.444619 -0.89572 -0.264624 -0.964352 1 000000000000000000000000 000011111111111111111111 3 0 1 1 0 0 0 1 1 0 0 0 0 0 1 1 0 0 0 1 12 1 12 1 12 1 12 1 12 1 12 1 12 
0 59 1 247.737 233.211 0.986939 -0.161093 -0.340165 0.940366 1 000000000000000000000000 000011111111111111111111 3 0 1 1 0 0 0 1 1 0 0 0 0 0 1 1 0 0 0 1 12 1 12 1 12 1 12 1 12 1 12 1 12 
0 60 1 249.245 240.509 0.711483 0.702703 0.932497 -0.361178 1 000000000000000000000000 000011111111111111111111 3 0 1 1 0 0 0 1 1 0 0 0 0 0 1 1 0 0 0 1 12 1 12 1 12 1 12 1 12 1 12 1 12 
0 61 1 248.358 246.868 -0.825569 -0.564301 -0.467919 -0.883771 1 000000000000000000000000 000011111111111111111111 3 0 1 1 0 0 0 1 1 0 0 0 0 0 1 1 0 0 0 1 12 1 12 1 12 1 12 1 12 1 12 1 12 
0 62 1 249.018 254.732 -0.164975 0.986298 0.0863292 -0.996267 1 000000000000000000000000 000011111111111111111111 3 0 1 1 0 0 0 1 1 0 0 0 0 0 1 1 0 0 0 1 12 1 12 1 12 1 12 1 12 1 12 
0 63 1 247.589 262.964 -0.0734279 -0.997301 0.56172 0.827327 1 000000000000000000000000 000011111111111111111111 3 0 1 1 0 0 0 1 1 0 0 0 0 0 1 1 0 0 0 1 12 1 12 1 12 1 12 1 12 1 12 1 12 1 12 
0 64 1 248.702 270.175 0.559475 0.828847 -0.943568 0.331178 1 000000000000000000000000 000011111111111111111111 3 0 1 1 0 0 0 1 1 0 0 0 0 0 1 1 0 0 0 1 12 1 12 1 12 1 12 1 12 1 12 1 12 
0 65 1 247.81 278.397 0.664988 -0.746854 0.59108 0.806613 1 000000000000000000000000 000011111111111111111111 3 0 1 1 0 0 0 1 1 0 0 0 0 0 1 1 0 0 0 1 12 1 12 1 12 1 12 1 12 1 12 
0 66 1 247.537 285.851 0.683548 0.729906 0.991316 0.131501 1 000000000000000000000000 000011111111111111111111 3 0 1 1 0 0 0 1 1 0 0 0 0 0 1 1 0 0 0 0 8 1 12 1 12 1 12 1 12 
0 67 1 257.974 210.526 0.974277 -0.225353 0.591976 -0.805956 1 000000000000000000000000 000011111111111111111111 3 0 1 1 0 0 0 1 1 0 0 0 0 0 1 1 0 0 0 1 12 1 12 1 12 1 12 1 12 
0 68 1 255 217.364 0.401882 -0.915691 0.207906 -0.978149 1 000000000000000000000000 000011111111111111111111 3 0 1 1 0 0 0 1 1 0 0 0 0 0 1 1 0 0 0 1 12 1 12 1 12 1 12 1 12 1 12 1 12 
0 69 1 256.984 227.587 -0.614901 -0.788605 0.863566 0.504235 1 000000000000000000000000 000011111111111111111111 3 0 1 1 0 0 0 1 1 0 0 0 0 0 1 1 0 0 0 1 12 1 12 1 12 1 12 1 12 1 12 
0 70 1 255.527 233.327 0.46165 0.887062 -0.999222 0.0394485 1 000000000000000000000000 000011111111111111111111 3 0 1 1 0 0 0 1 1 0 0 0 0 0 1 1 0 0 0 1 12 1 12 1 12 1 12 1 12 
0 71 1 256.576 240.051 0.999327 0.0366828 -0.686449 -0.727178 1 000000000000000000000000 000011111111111111111111 3 0 1 1 0 0 0 1 1 0 0 0 0 0 1 1 0 0 0 1 12 1 12 1 12 1 12 1 12 1 12 
0 72 1 256.309 248.218 0.510808 -0.859695 0.663159 0.748478 1 000000000000000000000000 000011111111111111111111 3 0 1 1 0 0 0 1 1 0 0 0 0 0 1 1 0 0 0 1 12 1 12 1 12 1 12 1 12 1 12 1 12 
0 73 1 255.333 255.842 0.0641147 0.997943 0.522649 -0.852548 1 000000000000000000000000 000011111111111111111111 3 0 1 1 0 0 0 1 1 0 0 0 0 0 1 1 0 0 0 1 12 1 12 1 12 1 12 1 12 1 12 1 12 
0 74 1 256.203 262.542 -0.965841 -0.259136 0.971998 -0.234989 1 000000000000000000000000 000011111111111111111111 3 0 1 1 0 0 0 1 1 0 0 0 0 0 1 1 0 0 0 1 12 1 12 1 12 1 12 1 12 1 12 1 12 
0 75 1 255.684 271.018 -0.952808 0.303574 -0.0425578 0.999094 1 000000000000000000000000 000011111111111111111111 3 0 1 1 0 0 0 1 1 0 0 0 0 0 1 1 0 0 0 1 12 1 12 1 12 1 12 1 12 
0 76 1 256.6 277.067 -0.643768 -0.765221 0.597068 -0.802191 1 000000000000000000000000 000011111111111111111111 3 0 1 1 0 0 0 1 1 0 0 0 0 0 1 1 0 0 0 1 12 1 12 1 12 1 12 1 12 1 12 1 12 
0 77 1 256.169 284.577 -0.716685 0.697397 0.133769 0.991013 1 000000000000000000000000 000011111111111111111111 3 0 1 1 0 0 0 1 1 0 0 0 0 0 1 1 0 0 0 0 8 1 12 1 12 1 12 1 12 
0 78 1 261.373 205.084 -0.75658 0.653901 -0.120102 0.992762 1 000000000000000000000000 000011111111111111111111 3 0 1 1 0 0 0 1 1 0 0 0 0 0 1 1 0 0 0 0 8 1 12 1 12 1 12 1 12 
0 79 1 263.365 216.905 0.941793 0.336193 -0.852607 -0.522552 1 000000000000000000000000 000011111111111111111111 3 0 1 1 0 0 0 1 1 0 0 0 0 0 1 1 0 0 0 1 12 1 12 1 12 1 12 1 12 1 12 
0 80 1 264.074 224.794 -0.962808 -0.270186 0.93491 0.354884 1 000000000000000000000000 000011111111111111111111 3 0 1 1 0 0 0 1 1 0 0 0 0 0 1 1 0 0 0 1 12 1 12 1 12 1 12 1 12 1 12 
0 81 1 266.2 232.492 0.905024 0.425361 -0.0854527 0.996342 1 000000000000000000000000 000011111111111111111111 3 0 1 1 0 0 0 1 1 0 0 0 0 0 1 1 0 0 0 1 12 1 12 1 12 1 12 1 12 1 12 1 12 
0 82 1 263.712 239.915 -0.996918 -0.0784553 -0.537057 -0.843546 1 000000000000000000000000 000011111111111111111111 3 0 1 1 0 0 0 1 1 0 0 0 0 0 1 1 0 0 0 1 12 1 12 1 12 1 12 1 12 1 12 
0 83 1 264 247.871 0.899479 -0.436964 -0.0955896 0.995421 1 000000000000000000000000 000011111111111111111111 3 0 1 1 0 0 0 1 1 0 0 0 0 0 1 1 0 0 0 1 12 1 12 1 12 1 12 1 12 1 12 
0 84 1 265.121 255.076 0.0900688 0.995936 0.997853 0.0654961 1 000000000000000000000000 000011111111111111111111 3 0 1 1 0 0 0 1 1 0 0 0 0 0 1 1 0 0 0 1 12 1 12 1 12 1 12 1 12 1 12 1 12 
0 85 1 264 262.484 -0.673652 0.739049 -0.925301 0.379234 1 000000000000000000000000 000011111111111111111111 3 0 1 1 0 0 0 1 1 0 0 0 0 0 1 1 0 0 0 1 12 1 12 1 12 1 12 
0 86 1 263.484 269.266 -0.875826 0.482627 -0.877828 0.478976 1 000000000000000000000000 000011111111111111111111 3 0 1 1 0 0 0 1 1 0 0 0 0 0 1 1 0 0 0 1 12 1 12 1 12 1 12 1 12 1 12 1 12 
0 87 1 265.429 277.529 0.778267 -0.627934 -0.83205 -0.5547 1 000000000000000000000000 000011111111111111111111 3 0 1 1 0 0 0 1 1 0 0 0 0 0 1 1 0 0 0 1 12 1 12 1 12 1 12 1 12 1 12 
0 88 1 263.685 287.261 0.942708 0.333619 0.763629 0.645655 1 000000000000000000000000 000011111111111111111111 3 0 1 1 0 0 0 1 1 0 0 0 0 0 1 1 0 0 0 0 8 1 12 1 12 1 12 1 12 1 12 
0 89 1 270.716 209.989 -0.99947 0.0325635 0.925904 -0.377758 1 000000000000000000000000 000011111111111111111111 3 0 1 1 0 0 0 1 1 0 0 0 0 0 1 1 0 0 0 0 8 1 12 1 12 1 12 1 12 1 12 
0 90 1 275.103 218.425 -0.999278 -0.0379937 0.674458 -0.738313 1 000000000000000000000000 000011111111111111111111 3 0 1 1 0 0 0 1 1 0 0 0 0 0 1 1 0 0 0 0 8 1 12 1 12 1 12 1 12 1 12 
0 91 1 273.177 225.595 0.41747 -0.908691 -0.47462 0.880191 1 000000000000000000000000 000011111111111111111111 3 0 1 1 0 0 0 1 1 0 0 0 0 0 1 1 0 0 0 0 8 1 12 1 12 1 12 1 12 
0 92 1 274.882 234.485 -0.995267 0.097181 -0.856852 0.515563 1 000000000000000000000000 000011111111111111111111 3 0 1 1 0 0 0 1 1 0 0 0 0 0 1 1 0 0 0 0 8 1 12 1 12 1 12 1 12 1 12 
0 93 1 271.262 241.169 0.698796 -0.715321 -0.987183 0.159593 1 000000000000000000000000 000011111111111111111111 3 0 1 1 0 0 0 1 1 0 0 0 0 0 1 1 0 0 0 1 12 1 12 1 12 1 12 
0 94 1 273.41 247.372 0.410834 0.91171 -0.79278 0.609507 1 000000000000000000000000 000011111111111111111111 3 0 1 1 0 0 0 1 1 0 0 0 0 0 1 1 0 0 0 0 8 1 12 1 12 1 12 1 12 1 12 
0 95 1 275.843 255.59 -0.996967 -0.077824 0.627889 0.778303 1 000000000000000000000000 000011111111111111111111 3 0 1 1 0 0 0 1 1 0 0 0 0 0 1 1 0 0 0 0 8 1 12 1 12 1 12 1 12 
0 96 1 271.812 263.159 0.393532 0.919311 0.388964 -0.921253 1 000000000000000000000000 000011111111111111111111 3 0 1 1 0 0 0 1 1 0 0 0 0 0 1 1 0 0 0 0 8 1 12 1 12 1 12 1 12 1 12 
0 97 1 274.548 269.192 0.915776 0.401689 0.640481 0.767974 1 000000000000000000000000 000011111111111111111111 3 0 1 1 0 0 0 1 1 0 0 0 0 0 1 1 0 0 0 0 8 1 12 1 12 1 12 1 12 1 12 
0 98 1 273.038 277.316 -0.14346 -0.989656 0.28353 0.958963 1 000000000000000000000000 000011111111111111111111 3 0 1 1 0 0 0 1 1 0 0 0 0 0 1 1 0 0 0 0 8 1 12 1 12 1 12 1 12 
0 99 1 274.043 286.087 -0.950703 0.310103 0.117401 -0.993085 1 000000000000000000000000 000011111111111111111111 3 0 1 1 0 0 0 1 1 0 0 0 0 0 1 1 0 0 0 0 8 1 12 1 12 1 12 
0 100 1 279.327 210.082 -0.522809 -0.85245 0.752559 -0.658525 1 000000000000000000000000 000011111111111111111111 3 0 1 1 0 0 0 1 1 0 0 0 0 0 1 1 0 0 0 0 8 1 12 1 12 
1000 1 1 205.653 196.137 0.0342655 -0.999413 -0.247951 -0.968772 50 000000000000000000000000 000011111111111111111111 3 0 1 1 0 0 0 1 1 0 0 0 0 0 1 1 0 0 0 0 8 1 12 1 12 1 12 
1000 2 1 213.085 205.287 -0.0806069 -0.996746 0.113228 0.993569 50 000000000000000000000000 000011111111111111111111 3 0 1 1 0 0 0 1 1 0 0 0 0 0 1 1 0 0 0 0 8 1 12 1 12 1 12 1 12 
1000 3 1 182.641 208.739 -0.205595 -0.978637 -0.957709 -0.287738 50 000000000000000000000000 000011111111111111111111 3 0 1 1 0 0 0 1 1 0 0 0 0 0 1 1 0 0 0 0 8 1 12 1 12 1 20 
1000 4 1 197.063 197.716 0.27409 -0.961704 -0.971434 -0.23731 50 000000000000000000000000 000011111111111111111111 3 0 1 1 0 0 0 1 1 0 0 0 0 0 1 1 0 0 0 0 8 1 12 1 12 1 12 
1000 7 1 187.804 223.784 -0.948503 0.316768 0.6358 -0.771854 50 000000000000000000000000 000011111111111111111111 3 0 1 1 0 0 0 1 1 0 0 0 0 0 1 1 0 0 0 1 12 1 12 1 20 1 27 1 29 
1000 8 1 182.031 241.691 -0.965541 -0.26025 0.9326 -0.360913 50 000000000000000000000000 000011111111111111111111 3 0 1 1 0 0 0 1 1 0 0 0 0 0 1 1 0 0 0 0 8 1 12 1 12 1 12 1 12 1 27 1 29 
1000 10 1 172.198 253.396 -0.98508 -0.172098 -0.965623 0.259945 50 000000000000000000000000 000011111111111111111111 3 0 1 1 0 0 0 1 1 0 0 0 0 0 1 1 0 0 0 0 8 1 12 1 12 1 22 
1000 11 1 196.602 266.763 -0.511118 0.859511 -0.373625 -0.92758 50 000000000000000000000000 000011111111111111111111 3 0 1 1 0 0 0 1 1 0 0 0 0 0 1 1 0 0 0 0 8 1 12 1 12 1 26 1 22 
1000 13 1 192.179 204.853 -0.572296 -0.820047 -0.429934 0.902861 50 000000000000000000000000 000011111111111111111111 3 0 1 1 0 0 0 1 1 0 0 0 0 0 1 1 0 0 0 0 8 1 12 1 12 1 12 1 12 1 31 
1000 14 1 214.907 215.979 0.436707 -0.899604 -0.997547 0.0699966 50 000000000000000000000000 000011111111111111111111 3 0 1 1 0 0 0 1 1 0 0 0 0 0 1 1 0 0 0 1 12 1 12 1 12 1 12 1 12 1 28 1 31 
1000 15 1 191.208 214.167 -0.870728 -0.491764 -0.817996 -0.575225 50 000000000000000000000000 000011111111111111111111 3 0 1 1 0 0 0 1 1 0 0 0 0 0 1 1 0 0 0 1 12 1 12 1 12 1 20 1 27 1 31 
1000 16 1 182.885 231.427 -0.969028 -0.246949 0.0974798 -0.995238 50 000000000000000000000000 000011111111111111111111 3 0 1 1 0 0 0 1 1 0 0 0 0 0 1 1 0 0 0 0 8 1 12 1 12 1 20 1 29 
1000 17 1 202.895 250.126 -0.870402 0.492342 -0.4735 -0.880794 50 000000000000000000000000 000011111111111111111111 3 0 1 1 0 0 0 1 1 0 0 0 0 0 1 1 0 0 0 1 12 1 12 1 27 1 30 1 25 1 30 
1000 18 1 213.862 229.723 -0.207083 -0.978323 -0.351465 0.936201 50 000000000000000000000000 000011111111111111111111 3 0 1 1 0 0 0 1 1 0 0 0 0 0 1 1 0 0 0 1 12 1 12 1 12 1 25 1 28 1 27 
1000 19 1 180.915 253.064 -0.999531 -0.0306332 -0.81891 0.573922 50 000000000000000000000000 000011111111111111111111 3 0 1 1 0 0 0 1 1 0 0 0 0 0 1 1 0 0 0 0 8 1 12 1 12 1 12 1 22 1 26 
1000 20 1 190.602 251.71 -0.90261 0.43046 -0.930796 0.365538 50 000000000000000000000000 000011111111111111111111 3 0 1 1 0 0 0 1 1 0 0 0 0 0 1 1 0 0 0 1 12 1 12 1 12 1 12 1 26 1 27 
1000 24 1 222.427 210.583 0.295676 -0.955288 0.997684 0.0680239 50 000000000000000000000000 000011111111111111111111 3 0 1 1 0 0 0 1 1 0 0 0 0 0 1 1 0 0 0 0 8 1 12 1 12 1 12 1 24 
1000 26 1 204.649 229.948 0.931258 -0.36436 -0.040068 0.999197 50 000000000000000000000000 000011111111111111111111 3 0 1 1 0 0 0 1 1 0 0 0 0 0 1 1 0 0 0 1 12 1 27 1 30 1 25 1 28 1 29 
1000 27 1 222.212 225.131 0.424569 -0.905396 -0.624651 -0.780904 50 000000000000000000000000 000011111111111111111111 3 0 1 1 0 0 0 1 1 0 0 0 0 0 1 1 0 0 0 1 12 1 12 1 12 1 12 1 24 1 27 
1000 28 1 202.812 257.475 -0.703912 0.710287 -0.939347 -0.342969 50 000000000000000000000000 000011111111111111111111 3 0 1 1 0 0 0 1 1 0 0 0 0 0 1 1 0 0 0 1 12 1 12 1 12 1 12 1 26 1 30 
1000 29 1 228.71 235.591 0.375383 -0.92687 0.565541 -0.82472 50 000000000000000000000000 000011111111111111111111 3 0 1 1 0 0 0 1 1 0 0 0 0 0 1 1 0 0 0 1 12 1 12 1 12 1 12 1 24 1 31 1 27 
1000 30 1 224.505 263.649 -0.722403 0.691473 -0.645862 0.763454 50 000000000000000000000000 000011111111111111111111 3 0 1 1 0 0 0 1 1 0 0 0 0 0 1 1 0 0 0 0 8 1 12 1 12 1 12 1 12 1 12 
1000 31 1 217.453 261.905 0.222897 0.974842 -0.935743 0.352681 50 000000000000000000000000 000011111111111111111111 3 0 1 1 0 0 0 1 1 0 0 0 0 0 1 1 0 0 0 0 8 1 12 1 12 1 12 1 12 1 22 1 30 
1000 32 1 209.72 263.29 0.444589 0.895735 -0.449302 0.89338 50 000000000000000000000000 000011111111111111111111 3 0 1 1 0 0 0 1 1 0 0 0 0 0 1 1 0 0 0 0 8 1 12 1 12 1 12 1 12 1 22 1 30 
1000 33 1 218.165 274.846 -0.994627 0.103522 0.548893 -0.835893 50 000000000000000000000000 000011111111111111111111 3 0 1 1 0 0 0 1 1 0 0 0 0 0 1 1 0 0 0 0 8 1 12 1 12 1 12 1 12 1 22 1 24 1 30 
1000 34 1 213.626 181.462 -0.630821 -0.775928 -0.360644 -0.932704 50 000000000000000000000000 000011111111111111111111 3 0 1 1 0 0 0 1 1 0 0 0 0 0 1 1 0 0 0 0 8 
1000 36 1 230.056 195.382 0.0174854 -0.999847 0.821545 -0.570144 50 000000000000000000000000 000011111111111111111111 3 0 1 1 0 0 0 1 1 0 0 0 0 0 1 1 0 0 0 0 8 
1000 37 1 203.856 207.351 -0.0255555 -0.999673 0.0491139 0.998793 50 000000000000000000000000 000011111111111111111111 3 0 1 1 0 0 0 1 1 0 0 0 0 0 1 1 0 0 0 1 12 1 12 1 12 1 12 1 12 1 28 1 31 
1000 38 1 222.144 244.691 0.596912 0.802307 -0.567275 -0.823528 50 000000000000000000000000 000011111111111111111111 3 0 1 1 0 0 0 1 1 0 0 0 0 0 1 1 0 0 0 0 8 1 12 1 12 1 25 1 30 1 27 
1000 39 1 244.354 224.625 0.886541 -0.46265 0.999909 -0.0134761 50 000000000000000000000000 000011111111111111111111 3 0 1 1 0 0 0 1 1 0 0 0 0 0 1 1 0 0 0 0 8 1 12 1 12 1 31 1 23 
1000 40 1 235.567 243.34 -0.406902 0.913472 -0.371661 0.928369 50 000000000000000000000000 000011111111111111111111 3 0 1 1 0 0 0 1 1 0 0 0 0 0 1 1 0 0 0 0 8 1 12 1 12 1 12 1 12 1 31 
1000 42 1 245.306 278.469 0.809725 0.58681 -0.720397 -0.693562 50 000000000000000000000000 000011111111111111111111 3 0 1 1 0 0 0 1 1 0 0 0 0 0 1 1 0 0 0 0 8 1 12 1 12 1 12 1 12 
1000 43 1 229.185 270.467 0.371751 -0.928332 0.822662 -0.568531 50 000000000000000000000000 000011111111111111111111 3 0 1 1 0 0 0 1 1 0 0 0 0 0 1 1 0 0 0 0 8 1 12 1 12 1 12 1 30 
1000 45 1 254.484 197.935 0.460417 -0.887703 0.200741 0.979644 50 000000000000000000000000 000011111111111111111111 3 0 1 1 0 0 0 1 1 0 0 0 0 0 1 1 0 0 0 0 8 1 12 1 12 
1000 48 1 241.537 216.747 0.767711 -0.640796 -0.063297 0.997995 50 000000000000000000000000 000011111111111111111111 3 0 1 1 0 0 0 1 1 0 0 0 0 0 1 1 0 0 0 0 8 1 12 1 12 1 24 1 31 1 23 
1000 50 1 250.124 230.711 0.312235 -0.950005 0.944854 0.327492 50 000000000000000000000000 000011111111111111111111 3 0 1 1 0 0 0 1 1 0 0 0 0 0 1 1 0 0 0 0 8 1 12 1 12 1 31 1 23 1 29 
1000 51 1 245.593 265.78 -0.644079 0.764959 0.17399 -0.984747 50 000000000000000000000000 000011111111111111111111 3 0 1 1 0 0 0 1 1 0 0 0 0 0 1 1 0 0 0 0 8 1 12 1 12 1 12 1 12 
1000 52 1 236.802 281.33 0.329335 0.944213 0.0248371 -0.999692 50 000000000000000000000000 000011111111111111111111 3 0 1 1 0 0 0 1 1 0 0 0 0 0 1 1 0 0 0 0 8 1 12 1 12 1 12 1 30 
1000 55 1 232.022 300.462 -0.894096 0.447876 0.115324 0.993328 50 000000000000000000000000 000011111111111111111111 3 0 1 1 0 0 0 1 1 0 0 0 0 0 1 1 0 0 0 0 8 1 12 1 12 1 12 1 27 
1000 56 1 243.714 185.165 0.70318 -0.711012 -0.686667 0.726972 50 000000000000000000000000 000011111111111111111111 3 0 1 1 0 0 0 1 1 0 0 0 0 0 1 1 0 0 0 0 8 
1000 57 1 266.362 204.053 0.18006 -0.983656 -0.224417 -0.974493 50 000000000000000000000000 000011111111111111111111 3 0 1 1 0 0 0 1 1 0 0 0 0 0 1 1 0 0 0 0 8 1 12 1 12 1 12 1 12 1 12 
1000 59 1 272.615 232.302 0.966549 0.256482 0.237508 0.971386 50 000000000000000000000000 000011111111111111111111 3 0 1 1 0 0 0 1 1 0 0 0 0 0 1 1 0 0 0 0 8 1 12 1 12 1 12 1 25 1 25 
1000 61 1 245.306 248.582 0.140076 0.990141 0.732442 0.68083 50 000000000000000000000000 000011111111111111111111 3 0 1 1 0 0 0 1 1 0 0 0 0 0 1 1 0 0 0 0 8 1 12 1 12 1 12 1 12 
1000 62 1 238.495 255.066 -0.456685 0.889628 -0.826783 -0.562521 50 000000000000000000000000 000011111111111111111111 3 0 1 1 0 0 0 1 1 0 0 0 0 0 1 1 0 0 0 1 12 1 12 1 12 1 12 1 12 1 12 
1000 63 1 228.537 250.368 -0.825895 0.563825 -0.998688 0.0512 50 000000000000000000000000 000011111111111111111111 3 0 1 1 0 0 0 1 1 0 0 0 0 0 1 1 0 0 0 0 8 1 12 1 12 1 12 1 12 1 12 1 12 1 12 
1000 64 1 254.516 250.832 -0.778498 -0.627647 0.0562619 -0.998416 50 000000000000000000000000 000011111111111111111111 3 0 1 1 0 0 0 1 1 0 0 0 0 0 1 1 0 0 0 0 8 1 12 1 12 1 12 1 12 1 12 1 29 
1000 65 1 264.51 263.729 0.628225 0.778032 0.708513 -0.705698 50 000000000000000000000000 000011111111111111111111 3 0 1 1 0 0 0 1 1 0 0 0 0 0 1 1 0 0 0 0 8 1 12 1 12 1 12 1 29 
1000 66 1 252.211 289.105 0.997989 0.0633952 0.804207 0.59435 50 000000000000000000000000 000011111111111111111111 3 0 1 1 0 0 0 1 1 0 0 0 0 0 1 1 0 0 0 0 8 1 12 1 12 1 12 1 12 
1000 67 1 272.783 196.185 0.721808 -0.692094 -0.985887 -0.167415 50 000000000000000000000000 000011111111111111111111 3 0 1 1 0 0 0 1 1 0 0 0 0 0 1 1 0 0 0 0 8 1 12 1 12 1 12 
1000 68 1 256.041 209.031 0.418794 -0.908081 -0.998465 0.0553903 50 000000000000000000000000 000011111111111111111111 3 0 1 1 0 0 0 1 1 0 0 0 0 0 1 1 0 0 0 0 8 1 12 1 12 1 12 1 23 
1000 69 1 267.526 240.095 0.96576 0.259436 -0.38956 -0.921001 50 000000000000000000000000 000011111111111111111111 3 0 1 1 0 0 0 1 1 0 0 0 0 0 1 1 0 0 0 1 12 1 12 1 12 1 12 1 29 
1000 70 1 260.429 229.602 0.835571 0.549382 0.0398436 0.999206 50 000000000000000000000000 000011111111111111111111 3 0 1 1 0 0 0 1 1 0 0 0 0 0 1 1 0 0 0 0 8 1 12 1 12 1 12 1 23 1 25 1 29 
1000 71 1 274.412 245.464 0.85111 0.524987 0.947805 0.31885 50 000000000000000000000000 000011111111111111111111 3 0 1 1 0 0 0 1 1 0 0 0 0 0 1 1 0 0 0 0 8 1 12 1 12 1 12 1 12 1 12 1 12 
1000 72 1 272.742 256.075 0.99472 0.10263 -0.393714 0.919233 50 000000000000000000000000 000011111111111111111111 3 0 1 1 0 0 0 1 1 0 0 0 0 0 1 1 0 0 0 0 8 1 12 1 12 1 12 1 12 1 12 1 12 
1000 73 1 262.191 249.223 0.999693 -0.0247712 -0.853822 -0.520565 50 000000000000000000000000 000011111111111111111111 3 0 1 1 0 0 0 1 1 0 0 0 0 0 1 1 0 0 0 0 8 1 12 1 12 1 12 1 12 1 12 1 29 
1000 74 1 234.351 260.723 -0.897955 -0.440087 0.723023 -0.690824 50 000000000000000000000000 000011111111111111111111 3 0 1 1 0 0 0 1 1 0 0 0 0 0 1 1 0 0 0 0 8 1 12 1 12 1 12 1 12 1 12 
1000 75 1 252.32 258.495 -0.671964 -0.740584 -0.936473 -0.350739 50 000000000000000000000000 000011111111111111111111 3 0 1 1 0 0 0 1 1 0 0 0 0 0 1 1 0 0 0 0 8 1 12 1 12 1 12 1 12 
1000 76 1 228.604 290.458 -0.710565 0.703632 0.538954 0.842335 50 000000000000000000000000 000011111111111111111111 3 0 1 1 0 0 0 1 1 0 0 0 0 0 1 1 0 0 0 0 8 1 12 1 12 1 12 1 24 1 30 
1000 77 1 238.878 309.256 -0.531536 0.847036 0.933922 0.357476 50 000000000000000000000000 000011111111111111111111 3 0 1 1 0 0 0 1 1 0 0 0 0 0 1 1 0 0 0 0 8 1 12 1 27 
1000 79 1 274.184 214 -0.0320364 -0.999487 0.999793 -0.0203433 50 000000000000000000000000 000011111111111111111111 3 0 1 1 0 0 0 1 1 0 0 0 0 0 1 1 0 0 0 0 8 1 12 1 12 1 12 1 25 1 23 
1000 82 1 288.591 242.484 0.534224 -0.845343 0.58681 -0.809725 50 000000000000000000000000 000011111111111111111111 3 0 1 1 0 0 0 1 1 0 0 0 0 0 1 1 0 0 0 0 8 1 12 1 12 1 29 1 24 
1000 86 1 261.415 293.691 0.422105 0.906547 0.953216 -0.302291 50 000000000000000000000000 000011111111111111111111 3 0 1 1 0 0 0 1 1 0 0 0 0 0 1 1 0 0 0 0 8 1 12 1 12 1 12 
1000 87 1 281.25 259.354 0.915865 -0.401487 -0.0666457 -0.997777 50 000000000000000000000000 000011111111111111111111 3 0 1 1 0 0 0 1 1 0 0 0 0 0 1 1 0 0 0 0 8 1 12 1 12 1 12 
1000 88 1 238.521 290.5 -0.655528 0.755171 -0.99668 -0.0814199 50 000000000000000000000000 000011111111111111111111 3 0 1 1 0 0 0 1 1 0 0 0 0 0 1 1 0 0 0 0 8 1 12 1 12 1 12 1 12 1 12 1 27 
1000 89 1 279.564 204.628 0.962364 -0.271764 -0.881641 -0.47192 50 000000000000000000000000 000011111111111111111111 3 0 1 1 0 0 0 1 1 0 0 0 0 0 1 1 0 0 0 0 8 1 12 1 12 1 12 1 23 
1000 90 1 307.092 221.99 0.930204 -0.367042 -0.999991 -0.00433467 50 000000000000000000000000 000011111111111111111111 3 0 1 1 0 0 0 1 1 0 0 0 0 0 1 1 0 0 0 0 8 1 12 
1000 92 1 295.989 228.415 -0.278948 -0.960306 0.0415226 -0.999138 50 000000000000000000000000 000011111111111111111111 3 0 1 1 0 0 0 1 1 0 0 0 0 0 1 1 0 0 0 0 8 1 12 
1000 93 1 288.51 264.042 0.786521 0.617564 0.0475277 -0.99887 50 000000000000000000000000 000011111111111111111111 3 0 1 1 0 0 0 1 1 0 0 0 0 0 1 1 0 0 0 0 8 1 12 1 12 1 29 
1000 94 1 282.426 250.255 0.999999 0.00171821 -0.930221 -0.366999 50 000000000000000000000000 000011111111111111111111 3 0 1 1 0 0 0 1 1 0 0 0 0 0 1 1 0 0 0 0 8 1 12 1 12 1 12 1 12 1 12 1 29 
1000 97 1 262.149 284.277 -0.51599 0.856595 -0.468505 0.883461 50 000000000000000000000000 000011111111111111111111 3 0 1 1 0 0 0 1 1 0 0 0 0 0 1 1 0 0 0 0 8 1 12 1 12 1 12 1 29 1 29 
1000 98 1 282.856 292.178 0.636597 -0.771196 0.883628 -0.46819 50 000000000000000000000000 000011111111111111111111 3 0 1 1 0 0 0 1 1 0 0 0 0 0 1 1 0 0 0 0 8 1 12 1 29 
1000 99 1 270.457 291.596 -0.477883 0.878424 0.971427 0.23734 50 000000000000000000000000 000011111111111111111111 3 0 1 1 0 0 0 1 1 0 0 0 0 0 1 1 0 0 0 0 8 1 12 1 12 1 12 1 29 
1000 102 1 176.473 262.604 -0.719513 0.694479 -0.407424 -0.913239 50 011101111000001100101001 011100111011101111011001 3 0 1 1 0 0 0 1 1 0 0 0 0 0 1 1 0 0 0 0 15 1 22 1 22 
1000 103 1 179.408 218.316 -0.917238 -0.39834 0.537261 0.843416 50 111010100101000000101000 111000111001011011111001 3 0 1 1 0 0 0 1 1 0 0 0 0 0 1 1 0 0 0 0 18 1 20 1 20 1 20 1 20 
1000 104 1 189.865 259.885 -0.216636 0.976252 0.124514 -0.992218 50 001100100100011000110111 011101110101110011000100 3 0 1 1 0 0 0 1 1 0 0 0 0 0 1 1 0 0 0 0 11 1 26 1 26 1 26 1 26 
1000 105 1 191.677 244.065 -0.33028 0.943883 -0.961649 -0.274285 50 010001111111100011100010 110110001110111111110100 3 0 1 1 0 0 0 1 1 0 0 0 0 0 1 1 0 0 0 1 27 1 27 1 27 1 31 1 24 
1000 106 1 196.224 224.622 -0.999978 0.00657296 0.68854 0.725198 50 000101011001000100101110 000111011000000111111110 3 0 1 1 0 0 0 1 1 0 0 0 0 0 1 1 0 0 0 1 27 1 27 1 27 1 25 1 30 1 28 
1000 107 1 201.033 240.859 -0.300235 0.953865 -0.174622 0.984635 50 101011101010111010000001 000011110001101110000010 3 0 1 1 0 0 0 1 1 0 0 0 0 0 1 1 0 0 0 1 30 1 30 1 31 1 23 1 27 
1000 108 1 209.02 273.184 0.424322 0.905511 0.72417 0.689621 50 100000010110001100001010 111101101101011101001011 3 0 1 1 0 0 0 1 1 0 0 0 0 0 1 1 0 0 0 0 12 1 22 1 22 1 22 1 22 
1000 109 1 209.459 240.622 -0.298386 0.954445 0.57293 -0.819604 50 010000010111010010110110 011010111110001101111110 3 0 1 1 0 0 0 1 1 0 0 0 0 0 1 1 0 0 0 1 25 1 25 1 25 1 25 1 23 1 33 1 24 
1000 110 1 214.172 250.839 0.264789 0.964306 0.944219 0.329319 50 110111010100100110011011 010000001111010110100010 3 0 1 1 0 0 0 1 1 0 0 0 0 0 1 1 0 0 0 0 18 1 30 1 30 1 30 1 30 1 30 1 33 
1000 113 1 221.106 284.585 0.104549 0.99452 0.997197 0.0748217 50 101110101010001100011100 110100001011001111001111 3 0 1 1 0 0 0 1 1 0 0 0 0 0 1 1 0 0 0 0 16 1 24 1 24 1 36 
1000 114 1 229.568 278.932 0.117912 0.993024 -0.0313035 -0.99951 50 100100010101011101011111 000110111110001100110001 3 0 1 1 0 0 0 1 1 0 0 0 0 0 1 1 0 0 0 0 13 1 30 1 30 1 30 1 30 1 36 
1000 117 1 229.707 222.946 -0.972756 -0.23183 0.426126 0.904664 50 000111100111101000000001 000011111110111100101111 3 0 1 1 0 0 0 1 1 0 0 0 0 0 1 1 0 0 0 0 11 1 24 1 24 1 24 1 24 1 29 
1000 120 1 237.209 231.538 -0.251736 0.967796 0.909386 -0.415953 50 101111001001110010101011 100100111100100001100000 3 0 1 1 0 0 0 1 1 0 0 0 0 0 1 1 0 0 0 0 17 1 31 1 31 1 31 1 31 1 31 1 29 
1000 123 1 244.305 302.832 0.760117 0.649787 -0.448024 0.894021 50 100011011000100011111101 011110101101001111001111 3 0 1 1 0 0 0 1 1 0 0 0 0 0 1 1 0 0 0 0 14 1 27 1 27 1 27 
1000 127 1 254.549 219.67 0.930982 0.365065 -0.359586 -0.933112 50 101011000010101010001010 111011011010100101101110 3 0 1 1 0 0 0 1 1 0 0 0 0 0 1 1 0 0 0 0 16 1 23 1 23 1 23 1 23 1 23 1 32 
1000 130 1 264.705 223.368 -0.910128 0.414327 0.647201 -0.76232 50 110111001011011001001100 110011011010100101101110 3 0 1 1 0 0 0 1 1 0 0 0 0 0 1 1 0 0 0 0 18 1 25 1 25 1 32 
1000 131 1 266.574 273.628 -0.352735 0.935723 0.978778 -0.204922 50 011110101110011100000100 100001100011100010011000 3 0 1 1 0 0 0 1 1 0 0 0 0 0 1 1 0 0 0 0 15 1 29 1 29 
1000 133 1 280.594 226.24 0.776334 0.630321 0.917624 -0.397451 50 001110100000101000100111 111011000000011110100111 3 0 1 1 0 0 0 1 1 0 0 0 0 0 1 1 0 0 0 0 12 1 25 1 25 1 28 
1000 134 1 281.581 213.903 -0.284889 -0.95856 -0.683883 -0.729592 50 111110101101000001100101 101100100110011011111100 3 0 1 1 0 0 0 1 1 0 0 0 0 0 1 1 0 0 0 0 19 1 23 1 23 1 28 
1000 135 1 277.065 282.728 -0.99954 0.0303286 -0.462256 -0.886746 50 000000110101110010010111 010101111001011101101001 3 0 1 1 0 0 0 1 1 0 0 0 0 0 1 1 0 0 0 0 8 1 29 1 29 1 29 
1000 136 1 294.688 296.043 0.927328 0.37425 0.995253 0.097326 50 010000011100000101110111 100011000101000110100011 3 0 1 1 0 0 0 1 1 0 0 0 0 0 1 1 0 0 0 0 11 
1000 137 1 292.095 251.758 0.76585 0.64302 -0.950124 -0.311873 50 011010101110001010000101 101000010010100001101011 3 0 1 1 0 0 0 1 1 0 0 0 0 0 1 1 0 0 0 0 14 1 29 1 29 1 29 1 31 
1000 138 1 299.558 243.611 0.528302 0.849056 0.341553 0.939863 50 101001000110000000000011 001100000111010001101011 3 0 1 1 0 0 0 1 1 0 0 0 0 0 1 1 0 0 0 0 15 1 24 1 31 
1000 139 1 207 221.292 0.998459 0.0554893 0.360913 0.932599 50 110010111101101101000101 011100101110100100111011 3 0 1 1 0 0 0 1 1 0 0 0 0 0 1 1 0 0 0 1 28 1 28 1 28 1 28 1 25 1 29 
1000 140 1 192.689 235.189 -0.927724 0.373267 -0.827916 0.560852 50 110111111001000010010101 110101000000101101011000 3 0 1 1 0 0 0 1 1 0 0 0 0 0 1 1 0 0 0 1 29 1 29 1 29 1 29 1 24 1 30 1 27 
1000 141 1 219 236.25 0.775773 0.631012 -0.991716 0.128449 50 001001010101000011010000 000111000101101100011100 3 0 1 1 0 0 0 1 1 0 0 0 0 0 1 1 0 0 0 1 27 1 27 1 27 1 27 1 24 
1000 149 1 201.822 214.867 0.848475 -0.529235 -0.825566 0.564306 50 100010100100011111010111 100010110101100000110111 3 0 1 1 0 0 0 1 1 0 0 0 0 0 1 1 0 0 0 1 31 1 31 1 31 1 31 1 28 1 29 
1000 150 1 258.968 239.935 0.408916 0.912572 0.330792 0.943704 50 011001011101011100110111 101111001000111011101010 3 0 1 1 0 0 0 1 1 0 0 0 0 0 1 1 0 0 0 0 14 1 29 1 29 1 29 1 29 1 29 
