0 1 1 211.391 210.984 -0.88704 -0.461692 -0.301131 -0.953583 1 000000000000000000000000 000000000000011111111111 3 0 1 1 0 0 0 1 1 0 0 0 0 0 1 1 0 0 0 0 8 1 30 1 30 1 30 
0 2 1 210.724 218.828 -0.504403 -0.863468 -0.966339 0.257272 1 000000000000000000000000 000000000000011111111111 3 0 1 1 0 0 0 1 1 0 0 0 0 0 1 1 0 0 0 0 8 1 30 1 30 1 30 1 30 
0 3 1 211.254 227.476 -0.996503 0.0835548 0.974199 0.22569 1 000000000000000000000000 000000000000011111111111 3 0 1 1 0 0 0 1 1 0 0 0 0 0 1 1 0 0 0 0 8 1 30 1 30 1 30 1 30 
0 4 1 210.161 234.911 0.535609 -0.844466 -0.999975 0.00702794 1 000000000000000000000000 000000000000011111111111 3 0 1 1 0 0 0 1 1 0 0 0 0 0 1 1 0 0 0 0 8 1 30 1 30 1 30 1 30 
0 5 1 211.729 241.39 -0.98555 -0.169387 0.988763 -0.149493 1 000000000000000000000000 000000000000011111111111 3 0 1 1 0 0 0 1 1 0 0 0 0 0 1 1 0 0 0 0 8 1 30 1 30 1 30 1 30 
0 6 1 209.403 248.657 -0.100159 0.994971 0.896537 0.442969 1 000000000000000000000000 000000000000011111111111 3 0 1 1 0 0 0 1 1 0 0 0 0 0 1 1 0 0 0 0 8 1 30 1 30 1 30 1 30 
0 7 1 209.762 256.746 -0.989397 0.145238 -0.278058 0.960564 1 000000000000000000000000 000000000000011111111111 3 0 1 1 0 0 0 1 1 0 0 0 0 0 1 1 0 0 0 0 8 1 30 1 30 1 30 
0 8 1 211.45 262.733 0.453919 -0.891043 -0.0345785 0.999402 1 000000000000000000000000 000000000000011111111111 3 0 1 1 0 0 0 1 1 0 0 0 0 0 1 1 0 0 0 0 8 1 30 1 30 1 30 1 30 1 30 
0 9 1 211.164 269.4 0.0601986 0.998186 -0.926657 -0.375908 1 000000000000000000000000 000000000000011111111111 3 0 1 1 0 0 0 1 1 0 0 0 0 0 1 1 0 0 0 0 8 1 30 1 30 1 30 1 30 
0 10 1 210.703 276.594 0.210866 -0.977515 0.213006 -0.977051 1 000000000000000000000000 000000000000011111111111 3 0 1 1 0 0 0 1 1 0 0 0 0 0 1 1 0 0 0 0 8 1 30 1 30 1 30 1 30 1 30 
0 11 1 212.71 284.113 -0.919212 0.393763 0.415194 -0.909733 1 000000000000000000000000 000000000000011111111111 3 0 1 1 0 0 0 1 1 0 0 0 0 0 1 1 0 0 0 0 8 1 30 1 30 1 30 
0 12 1 219.983 211.667 0.97578 -0.218754 0.00604584 0.999982 1 000000000000000000000000 000000000000011111111111 3 0 1 1 0 0 0 1 1 0 0 0 0 0 1 1 0 0 0 0 8 1 30 1 30 1 30 1 30 
0 13 1 219.367 219.433 0.881929 -0.471383 0.989184 0.14668 1 000000000000000000000000 000000000000011111111111 3 0 1 1 0 0 0 1 1 0 0 0 0 0 1 1 0 0 0 1 30 1 30 1 30 1 30 1 30 1 30 1 30 
0 14 1 218.309 225.764 0.995758 0.0920072 -0.116255 0.993219 1 000000000000000000000000 000000000000011111111111 3 0 1 1 0 0 0 1 1 0 0 0 0 0 1 1 0 0 0 1 30 1 30 1 30 1 30 1 30 1 30 
0 15 1 220.298 233.368 0.082167 -0.996619 -0.940733 -0.339148 1 000000000000000000000000 000000000000011111111111 3 0 1 1 0 0 0 1 1 0 0 0 0 0 1 1 0 0 0 1 30 1 30 1 30 1 30 1 30 1 30 1 30 
0 16 1 218.464 239.875 -0.978577 -0.205883 -0.921303 0.388845 1 000000000000000000000000 000000000000011111111111 3 0 1 1 0 0 0 1 1 0 0 0 0 0 1 1 0 0 0 1 30 1 30 1 30 1 30 1 30 
0 17 1 218.556 247.593 -0.77127 0.636508 0.631271 -0.775562 1 000000000000000000000000 000000000000011111111111 3 0 1 1 0 0 0 1 1 0 0 0 0 0 1 1 0 0 0 0 8 1 30 1 30 1 30 1 30 1 30 1 30 1 30 
0 18 1 218.119 255.034 -0.887445 0.460913 0.688126 -0.725592 1 000000000000000000000000 000000000000011111111111 3 0 1 1 0 0 0 1 1 0 0 0 0 0 1 1 0 0 0 0 8 1 30 1 30 1 30 1 30 1 30 1 30 
0 19 1 219.8 262.04 -0.983378 -0.181568 -0.0149796 0.999888 1 000000000000000000000000 000000000000011111111111 3 0 1 1 0 0 0 1 1 0 0 0 0 0 1 1 0 0 0 1 30 1 30 1 30 1 30 1 30 1 30 
0 20 1 219.355 269 0.28015 0.959956 0.204059 -0.978959 1 000000000000000000000000 000000000000011111111111 3 0 1 1 0 0 0 1 1 0 0 0 0 0 1 1 0 0 0 1 30 1 30 1 30 1 30 1 30 1 30 1 30 
0 21 1 220.333 276.6 -0.995054 0.0993399 -0.201767 0.979433 1 000000000000000000000000 000000000000011111111111 3 0 1 1 0 0 0 1 1 0 0 0 0 0 1 1 0 0 0 1 30 1 30 1 30 1 30 1 30 1 30 1 30 
0 22 1 220.185 283.754 0.975834 0.218513 0.0829292 -0.996555 1 000000000000000000000000 000000000000011111111111 3 0 1 1 0 0 0 1 1 0 0 0 0 0 1 1 0 0 0 0 8 1 30 1 30 1 30 1 30 
0 23 1 226.279 209.115 -0.442328 -0.896854 -0.705928 0.708283 1 000000000000000000000000 000000000000011111111111 3 0 1 1 0 0 0 1 1 0 0 0 0 0 1 1 0 0 0 0 8 1 30 1 30 1 30 1 30 1 30 
0 24 1 227.235 218.196 -0.106868 0.994273 0.899344 0.437241 1 000000000000000000000000 000000000000011111111111 3 0 1 1 0 0 0 1 1 0 0 0 0 0 1 1 0 0 0 1 30 1 30 1 30 1 30 1 30 1 30 1 30 
0 25 1 226.333 225.54 -0.763219 -0.64614 0.740025 0.672579 1 000000000000000000000000 000000000000011111111111 3 0 1 1 0 0 0 1 1 0 0 0 0 0 1 1 0 0 0 1 30 1 30 1 30 1 30 1 30 1 30 
0 26 1 226.824 234.412 0.902359 0.430985 -0.405599 -0.914051 1 000000000000000000000000 000000000000011111111111 3 0 1 1 0 0 0 1 1 0 0 0 0 0 1 1 0 0 0 1 30 1 30 1 30 1 30 1 30 1 30 1 30 
0 27 1 226.446 241.679 -0.690934 -0.722918 0.981238 0.192799 1 000000000000000000000000 000000000000011111111111 3 0 1 1 0 0 0 1 1 0 0 0 0 0 1 1 0 0 0 1 30 1 30 1 30 1 30 1 30 1 30 1 30 
0 28 1 226.204 248.245 0.538261 -0.842778 -0.367297 -0.930104 1 000000000000000000000000 000000000000011111111111 3 0 1 1 0 0 0 1 1 0 0 0 0 0 1 1 0 0 0 1 30 1 30 1 30 1 30 1 30 
0 29 1 225.358 255.849 0.53972 -0.841845 -0.30586 0.952076 1 000000000000000000000000 000000000000011111111111 3 0 1 1 0 0 0 1 1 0 0 0 0 0 1 1 0 0 0 1 30 1 30 1 30 1 30 1 30 1 30 1 30 
0 30 1 228.551 262.265 0.835096 0.550104 0.649652 -0.760231 1 000000000000000000000000 000000000000011111111111 3 0 1 1 0 0 0 1 1 0 0 0 0 0 1 1 0 0 0 1 30 1 30 1 30 1 30 1 30 1 30 
0 31 1 226.431 268.392 0.153543 0.988142 0.835779 0.549066 1 000000000000000000000000 000000000000011111111111 3 0 1 1 0 0 0 1 1 0 0 0 0 0 1 1 0 0 0 1 30 1 30 1 30 1 30 1 30 1 30 
0 32 1 228.085 277.237 -0.223777 0.97464 0.491072 0.871119 1 000000000000000000000000 000000000000011111111111 3 0 1 1 0 0 0 1 1 0 0 0 0 0 1 1 0 0 0 1 30 1 30 1 30 1 30 1 30 1 30 1 30 
0 33 1 227.6 285.433 0.0980603 0.99518 0.257598 0.966252 1 000000000000000000000000 000000000000011111111111 3 0 1 1 0 0 0 1 1 0 0 0 0 0 1 1 0 0 0 0 8 1 30 1 30 1 30 1 30 
0 34 1 233.41 210.967 0.378937 0.925422 0.797633 -0.603143 1 000000000000000000000000 000000000000011111111111 3 0 1 1 0 0 0 1 1 0 0 0 0 0 1 1 0 0 0 0 8 1 30 1 30 1 30 1 30 1 30 
0 35 1 233.796 218.241 -0.996629 0.0820453 -0.235074 0.971977 1 000000000000000000000000 000000000000011111111111 3 0 1 1 0 0 0 1 1 0 0 0 0 0 1 1 0 0 0 1 30 1 30 1 30 1 30 1 30 1 30 
0 36 1 233.019 226.83 0.920499 0.390744 -0.989319 0.145769 1 000000000000000000000000 000000000000011111111111 3 0 1 1 0 0 0 1 1 0 0 0 0 0 1 1 0 0 0 1 30 1 30 1 30 1 30 1 30 1 30 1 30 
0 37 1 233.64 233.62 -0.192211 -0.981354 -0.707107 -0.707107 1 000000000000000000000000 000000000000011111111111 3 0 1 1 0 0 0 1 1 0 0 0 0 0 1 1 0 0 0 1 30 1 30 1 30 1 30 1 30 
0 38 1 234.522 240.761 0.74407 -0.668102 0.93351 -0.358553 1 000000000000000000000000 000000000000011111111111 3 0 1 1 0 0 0 1 1 0 0 0 0 0 1 1 0 0 0 1 30 1 30 1 30 1 30 1 30 1 30 
0 39 1 234.283 247.189 -0.480577 0.876952 0.992468 0.122501 1 000000000000000000000000 000000000000011111111111 3 0 1 1 0 0 0 1 1 0 0 0 0 0 1 1 0 0 0 1 30 1 30 1 30 1 30 1 30 1 30 
0 40 1 232.87 253.574 -0.856835 0.515591 0.482704 0.875783 1 000000000000000000000000 000000000000011111111111 3 0 1 1 0 0 0 1 1 0 0 0 0 0 1 1 0 0 0 1 30 1 30 1 30 1 30 1 30 1 30 1 30 
0 41 1 234.078 261.843 -0.533725 -0.845658 -0.903759 0.428041 1 000000000000000000000000 000000000000011111111111 3 0 1 1 0 0 0 1 1 0 0 0 0 0 1 1 0 0 0 1 30 1 30 1 30 1 30 1 30 1 30 
0 42 1 234.451 269.745 -0.439993 0.898001 -0.994251 0.107073 1 000000000000000000000000 000000000000011111111111 3 0 1 1 0 0 0 1 1 0 0 0 0 0 1 1 0 0 0 1 30 1 30 1 30 1 30 1 30 1 30 1 30 1 30 
0 43 1 234.02 276.9 -0.879296 -0.476275 0.860685 -0.509138 1 000000000000000000000000 000000000000011111111111 3 0 1 1 0 0 0 1 1 0 0 0 0 0 1 1 0 0 0 0 8 1 30 1 30 1 30 1 30 1 30 1 30 1 30 
0 44 1 234.617 286.767 0.845074 -0.534649 -0.127713 -0.991811 1 000000000000000000000000 000000000000011111111111 3 0 1 1 0 0 0 1 1 0 0 0 0 0 1 1 0 0 0 0 8 1 30 1 30 1 30 1 30 
0 45 1 242.344 211.934 0.827338 -0.561704 0.607291 -0.794479 1 000000000000000000000000 000000000000011111111111 3 0 1 1 0 0 0 1 1 0 0 0 0 0 1 1 0 0 0 0 8 1 30 1 30 1 30 1 30 
0 46 1 240.877 218.702 -0.0362141 0.999344 -0.14562 0.989341 1 000000000000000000000000 000000000000011111111111 3 0 1 1 0 0 0 1 1 0 0 0 0 0 1 1 0 0 0 1 30 1 30 1 30 1 30 1 30 1 30 1 30 
0 47 1 240.719 226.912 -0.731998 -0.681307 -0.884385 -0.466759 1 000000000000000000000000 000000000000011111111111 3 0 1 1 0 0 0 1 1 0 0 0 0 0 1 1 0 0 0 1 30 1 30 1 30 1 30 1 30 1 30 1 30 
0 48 1 240.283 234.075 -0.678632 0.734479 -0.376699 0.926336 1 000000000000000000000000 000000000000011111111111 3 0 1 1 0 0 0 1 1 0 0 0 0 0 1 1 0 0 0 1 30 1 30 1 30 1 30 1 30 1 30 
0 49 1 241.761 241.065 0.569418 -0.822048 -0.536122 0.844141 1 000000000000000000000000 000000000000011111111111 3 0 1 1 0 0 0 1 1 0 0 0 0 0 1 1 0 0 0 1 30 1 30 1 30 1 30 1 30 1 30 1 30 
0 50 1 241.127 249.382 -0.999909 0.0134567 0.998355 -0.0573429 1 000000000000000000000000 000000000000011111111111 3 0 1 1 0 0 0 1 1 0 0 0 0 0 1 1 0 0 0 1 30 1 30 1 30 1 30 1 30 1 30 
0 51 1 240.808 256.25 -0.182752 0.983159 -0.493205 -0.869913 1 000000000000000000000000 000000000000011111111111 3 0 1 1 0 0 0 1 1 0 0 0 0 0 1 1 0 0 0 1 30 1 30 1 30 1 30 1 30 1 30 
0 52 1 240.022 262.63 0.718007 0.696036 0.539666 0.841879 1 000000000000000000000000 000000000000011111111111 3 0 1 1 0 0 0 1 1 0 0 0 0 0 1 1 0 0 0 1 30 1 30 1 30 1 30 1 30 
0 53 1 242.426 268.148 -0.0666931 -0.997774 0.782424 0.622746 1 000000000000000000000000 000000000000011111111111 3 0 1 1 0 0 0 1 1 0 0 0 0 0 1 1 0 0 0 1 30 1 30 1 30 1 30 1 30 1 30 1 30 
0 54 1 240.947 275.632 0.841489 0.540274 -0.685993 0.727608 1 000000000000000000000000 000000000000011111111111 3 0 1 1 0 0 0 1 1 0 0 0 0 0 1 1 0 0 0 0 8 1 30 1 30 1 30 1 30 1 30 1 30 
0 55 1 240.873 283.4 0.940054 -0.341024 -0.762876 0.646545 1 000000000000000000000000 000000000000011111111111 3 0 1 1 0 0 0 1 1 0 0 0 0 0 1 1 0 0 0 0 8 1 30 1 30 1 30 1 30 1 30 
0 56 1 248.591 210.485 0.494211 0.869342 0.746689 -0.665173 1 000000000000000000000000 000000000000011111111111 3 0 1 1 0 0 0 1 1 0 0 0 0 0 1 1 0 0 0 0 8 1 30 1 30 1 30 1 30 
0 57 1 247.887 220.189 0.0655099 -0.997852 0.455389 0.890293 1 000000000000000000000000 000000000000011111111111 3 0 1 1 0 0 0 1 1 0 0 0 0 0 1 1 0 0 0 1 30 1 30 1 30 1 30 1 30 1 30 
0 58 1 248.154 226.731 -0.984699 0.174262 0.910588 0.413316 1 000000000000000000000000 000000000000011111111111 3 0 1 1 0 0 0 1 1 0 0 0 0 0 1 1 0 0 0 1 30 1 30 1 30 1 30 1 30 1 30 1 30 1 30 
0 59 1 247.882 234.255 -0.691279 -0.722588 0.385593 0.922669 1 000000000000000000000000 000000000000011111111111 3 0 1 1 0 0 0 1 1 0 0 0 0 0 1 1 0 0 0 1 30 1 30 1 30 1 30 1 30 1 30 1 30 1 30 
0 60 1 247.375 241.333 -0.764612 -0.644491 0.865342 -0.501182 1 000000000000000000000000 000000000000011111111111 3 0 1 1 0 0 0 1 1 0 0 0 0 0 1 1 0 0 0 1 30 1 30 1 30 1 30 1 30 
0 61 1 248.564 248.145 0.467024 -0.884245 0.915869 0.401477 1 000000000000000000000000 000000000000011111111111 3 0 1 1 0 0 0 1 1 0 0 0 0 0 1 1 0 0 0 1 30 1 30 1 30 1 30 1 30 1 30 1 30 
0 62 1 249.17 255.113 -0.48471 -0.874675 0.752035 0.659123 1 000000000000000000000000 000000000000011111111111 3 0 1 1 0 0 0 1 1 0 0 0 0 0 1 1 0 0 0 1 30 1 30 1 30 1 30 1 30 1 30 
0 63 1 248.196 262.431 0.846766 -0.531966 0.961244 0.275698 1 000000000000000000000000 000000000000011111111111 3 0 1 1 0 0 0 1 1 0 0 0 0 0 1 1 0 0 0 1 30 1 30 1 30 1 30 1 30 1 30 
0 64 1 249.16 269.94 0.980901 0.194506 -0.930524 -0.36623 1 000000000000000000000000 000000000000011111111111 3 0 1 1 0 0 0 1 1 0 0 0 0 0 1 1 0 0 0 1 30 1 30 1 30 1 30 1 30 1 30 
0 65 1 248.582 277.964 -0.607796 0.794093 0.781318 0.624133 1 000000000000000000000000 000000000000011111111111 3 0 1 1 0 0 0 1 1 0 0 0 0 0 1 1 0 0 0 1 30 1 30 1 30 1 30 1 30 1 30 1 30 
0 66 1 247.5 285.517 -0.658177 -0.752863 -0.0725357 -0.997366 1 000000000000000000000000 000000000000011111111111 3 0 1 1 0 0 0 1 1 0 0 0 0 0 1 1 0 0 0 0 8 1 30 1 30 1 30 1 30 
0 67 1 254.79 208.71 -0.207521 0.978231 0.831578 0.555408 1 000000000000000000000000 000000000000011111111111 3 0 1 1 0 0 0 1 1 0 0 0 0 0 1 1 0 0 0 0 8 1 30 1 30 1 30 
0 68 1 255.121 219.086 0.160932 0.986965 -0.958424 0.285349 1 000000000000000000000000 000000000000011111111111 3 0 1 1 0 0 0 1 1 0 0 0 0 0 1 1 0 0 0 1 30 1 30 1 30 1 30 1 30 1 30 1 30 1 30 
0 69 1 255.558 227.212 0.998549 0.0538418 0.387375 -0.921922 1 000000000000000000000000 000000000000011111111111 3 0 1 1 0 0 0 1 1 0 0 0 0 0 1 1 0 0 0 1 30 1 30 1 30 1 30 1 30 1 30 1 30 1 30 
0 70 1 255.827 234.231 -0.227189 0.973851 1 0 1 000000000000000000000000 000000000000011111111111 3 0 1 1 0 0 0 1 1 0 0 0 0 0 1 1 0 0 0 1 30 1 30 1 30 1 30 1 30 1 30 1 30 
0 71 1 254.289 240.022 -0.924172 -0.381976 -0.932055 -0.362316 1 000000000000000000000000 000000000000011111111111 3 0 1 1 0 0 0 1 1 0 0 0 0 0 1 1 0 0 0 1 30 1 30 1 30 1 30 1 30 1 30 1 30 
0 72 1 256.509 246.132 0.306521 0.951864 -0.45291 0.891556 1 000000000000000000000000 000000000000011111111111 3 0 1 1 0 0 0 1 1 0 0 0 0 0 1 1 0 0 0 1 30 1 30 1 30 1 30 1 30 1 30 
0 73 1 255.755 254.17 -0.473216 -0.880946 0.894427 0.447214 1 000000000000000000000000 000000000000011111111111 3 0 1 1 0 0 0 1 1 0 0 0 0 0 1 1 0 0 0 1 30 1 30 1 30 1 30 1 30 1 30 
0 74 1 255.579 261.912 -0.99958 0.0289681 0.994027 -0.109136 1 000000000000000000000000 000000000000011111111111 3 0 1 1 0 0 0 1 1 0 0 0 0 0 1 1 0 0 0 1 30 1 30 1 30 1 30 1 30 1 30 1 30 1 30 
0 75 1 255.611 270.111 0.993018 0.117961 0.605229 0.796052 1 000000000000000000000000 000000000000011111111111 3 0 1 1 0 0 0 1 1 0 0 0 0 0 1 1 0 0 0 1 30 1 30 1 30 1 30 1 30 
0 76 1 255.833 277.283 0.996324 -0.0856655 -0.631639 0.775263 1 000000000000000000000000 000000000000011111111111 3 0 1 1 0 0 0 1 1 0 0 0 0 0 1 1 0 0 0 1 30 1 30 1 30 1 30 1 30 1 30 1 30 
0 77 1 253.635 286.968 0.374074 0.927399 0.260337 -0.965518 1 000000000000000000000000 000000000000011111111111 3 0 1 1 0 0 0 1 1 0 0 0 0 0 1 1 0 0 0 0 8 1 30 1 30 1 30 1 30 
0 78 1 261.902 212.066 -0.773524 0.633767 -0.250083 0.968224 1 000000000000000000000000 000000000000011111111111 3 0 1 1 0 0 0 1 1 0 0 0 0 0 1 1 0 0 0 0 8 1 30 1 30 1 30 1 30 
0 79 1 263.097 219.839 -0.465605 -0.884993 0.687248 -0.726423 1 000000000000000000000000 000000000000011111111111 3 0 1 1 0 0 0 1 1 0 0 0 0 0 1 1 0 0 0 1 30 1 30 1 30 1 30 1 30 1 30 1 30 
0 80 1 262.305 227.119 -0.785413 0.618972 -0.996332 -0.0855745 1 000000000000000000000000 000000000000011111111111 3 0 1 1 0 0 0 1 1 0 0 0 0 0 1 1 0 0 0 1 30 1 30 1 30 1 30 1 30 1 30 
0 81 1 263.673 233.691 0.999541 -0.0302911 -0.646047 0.763297 1 000000000000000000000000 000000000000011111111111 3 0 1 1 0 0 0 1 1 0 0 0 0 0 1 1 0 0 0 1 30 1 30 1 30 1 30 1 30 1 30 1 30 
0 82 1 262.635 241.308 -0.999984 -0.00562457 0.986896 0.161356 1 000000000000000000000000 000000000000011111111111 3 0 1 1 0 0 0 1 1 0 0 0 0 0 1 1 0 0 0 1 30 1 30 1 30 1 30 1 30 1 30 1 30 
0 83 1 263.296 249.056 0.477085 0.878857 -0.787505 0.616308 1 000000000000000000000000 000000000000011111111111 3 0 1 1 0 0 0 1 1 0 0 0 0 0 1 1 0 0 0 1 30 1 30 1 30 1 30 1 30 1 30 1 30 
0 84 1 262.436 255.782 0.830155 -0.557532 -0.163367 0.986565 1 000000000000000000000000 000000000000011111111111 3 0 1 1 0 0 0 1 1 0 0 0 0 0 1 1 0 0 0 1 30 1 30 1 30 1 30 1 30 
0 85 1 265.23 262.279 0.643264 -0.765644 -0.651106 -0.758986 1 000000000000000000000000 000000000000011111111111 3 0 1 1 0 0 0 1 1 0 0 0 0 0 1 1 0 0 0 1 30 1 30 1 30 1 30 1 30 1 30 
0 86 1 262.056 268.722 -0.77173 0.63595 0.390179 0.920739 1 000000000000000000000000 000000000000011111111111 3 0 1 1 0 0 0 1 1 0 0 0 0 0 1 1 0 0 0 1 30 1 30 1 30 1 30 1 30 1 30 
0 87 1 263.121 276.431 0.803083 -0.595867 -0.0855592 0.996333 1 000000000000000000000000 000000000000011111111111 3 0 1 1 0 0 0 1 1 0 0 0 0 0 1 1 0 0 0 1 30 1 30 1 30 1 30 1 30 1 30 
0 88 1 261.847 284.542 0.692946 -0.720989 -0.71408 0.700064 1 000000000000000000000000 000000000000011111111111 3 0 1 1 0 0 0 1 1 0 0 0 0 0 1 1 0 0 0 0 8 1 30 1 30 1 30 1 30 1 30 
0 89 1 269.397 212.317 -0.876224 -0.481903 -0.168836 -0.985644 1 000000000000000000000000 000000000000011111111111 3 0 1 1 0 0 0 1 1 0 0 0 0 0 1 1 0 0 0 0 8 1 30 1 30 1 30 1 30 
0 90 1 271.468 220.161 -0.554317 -0.832306 -0.98914 -0.146975 1 000000000000000000000000 000000000000011111111111 3 0 1 1 0 0 0 1 1 0 0 0 0 0 1 1 0 0 0 0 8 1 30 1 30 1 30 1 30 
0 91 1 270.982 227.123 0.679339 -0.733824 -0.678587 0.73452 1 000000000000000000000000 000000000000011111111111 3 0 1 1 0 0 0 1 1 0 0 0 0 0 1 1 0 0 0 0 8 1 30 1 30 1 30 1 30 1 30 
0 92 1 271.339 234.887 0.851952 0.52362 -0.375289 -0.926908 1 000000000000000000000000 000000000000011111111111 3 0 1 1 0 0 0 1 1 0 0 0 0 0 1 1 0 0 0 0 8 1 30 1 30 1 30 1 30 
0 93 1 269.667 241.37 -0.588623 -0.808408 0.73994 0.672673 1 000000000000000000000000 000000000000011111111111 3 0 1 1 0 0 0 1 1 0 0 0 0 0 1 1 0 0 0 0 8 1 30 1 30 1 30 1 30 
0 94 1 272.742 247.048 0.99007 0.140578 0.0275215 -0.999621 1 000000000000000000000000 000000000000011111111111 3 0 1 1 0 0 0 1 1 0 0 0 0 0 1 1 0 0 0 0 8 1 30 1 30 1 30 
0 95 1 270.574 254.459 -0.728731 -0.6848 -0.915797 -0.401642 1 000000000000000000000000 000000000000011111111111 3 0 1 1 0 0 0 1 1 0 0 0 0 0 1 1 0 0 0 0 8 1 30 1 30 1 30 1 30 1 30 
0 96 1 274.066 262.738 0.425873 -0.904783 0.816718 0.577037 1 000000000000000000000000 000000000000011111111111 3 0 1 1 0 0 0 1 1 0 0 0 0 0 1 1 0 0 0 0 8 1 30 1 30 1 30 
0 97 1 270.885 269 0.508339 -0.861157 0.233089 -0.972456 1 000000000000000000000000 000000000000011111111111 3 0 1 1 0 0 0 1 1 0 0 0 0 0 1 1 0 0 0 0 8 1 30 1 30 1 30 1 30 1 30 
0 98 1 270.538 276.369 -0.947668 0.319256 -0.387032 0.922066 1 000000000000000000000000 000000000000011111111111 3 0 1 1 0 0 0 1 1 0 0 0 0 0 1 1 0 0 0 0 8 1 30 1 30 1 30 1 30 
0 99 1 270.397 284.853 0.993873 0.110527 -0.261064 0.965321 1 000000000000000000000000 000000000000011111111111 3 0 1 1 0 0 0 1 1 0 0 0 0 0 1 1 0 0 0 0 8 1 30 1 30 
0 100 1 277.857 213.016 -0.59284 -0.80532 -0.79159 0.611052 1 000000000000000000000000 000000000000011111111111 3 0 1 1 0 0 0 1 1 0 0 0 0 0 1 1 0 0 0 0 8 1 30 1 30 
1000 1 1 180.532 207.242 0.018641 -0.999826 0.192532 -0.981291 1001 000000000000000000000000 000000000000011111111111 3 0 1 1 0 0 0 1 1 0 0 0 0 0 1 1 0 0 0 0 8 
1000 2 1 211.186 219.643 0.0455775 -0.998961 -0.859974 0.510338 1001 000000000000000000000000 000000000000011111111111 3 0 1 1 0 0 0 1 1 0 0 0 0 0 1 1 0 0 0 0 8 1 30 1 30 
1000 3 1 192.855 225.726 -0.9532 -0.302342 0.22336 -0.974736 1001 000000000000000000000000 000000000000011111111111 3 0 1 1 0 0 0 1 1 0 0 0 0 0 1 1 0 0 0 0 8 1 30 
1000 4 1 207.279 245.206 0.468785 0.883312 -0.642534 0.766258 1001 000000000000000000000000 000000000000011111111111 3 0 1 1 0 0 0 1 1 0 0 0 0 0 1 1 0 0 0 0 8 1 30 1 30 
1000 5 1 195 239.985 0.244603 -0.969623 -0.816297 -0.577633 1001 000000000000000000000000 000000000000011111111111 3 0 1 1 0 0 0 1 1 0 0 0 0 0 1 1 0 0 0 0 8 1 30 1 30 
1000 6 1 162.533 251.267 -0.80304 -0.595925 -0.221621 -0.975133 1001 000000000000000000000000 000000000000011111111111 3 0 1 1 0 0 0 1 1 0 0 0 0 0 1 1 0 0 0 0 8 
1000 7 1 194.231 263.215 -0.988271 -0.152709 0.591709 -0.806152 1001 000000000000000000000000 000000000000011111111111 3 0 1 1 0 0 0 1 1 0 0 0 0 0 1 1 0 0 0 0 8 1 30 
1000 8 1 191.947 284.825 -0.291376 0.956609 -0.0908468 -0.995865 1001 000000000000000000000000 000000000000011111111111 3 0 1 1 0 0 0 1 1 0 0 0 0 0 1 1 0 0 0 0 8 1 30 1 30 
1000 9 1 185.104 261.448 -0.90232 0.431067 -0.655406 -0.755277 1001 000000000000000000000000 000000000000011111111111 3 0 1 1 0 0 0 1 1 0 0 0 0 0 1 1 0 0 0 0 8 1 30 
1000 10 1 182.304 278.826 0.0190128 0.999819 0.130938 -0.991391 1001 000000000000000000000000 000000000000011111111111 3 0 1 1 0 0 0 1 1 0 0 0 0 0 1 1 0 0 0 0 8 1 30 
1000 11 1 171.239 282.866 0.149478 0.988765 0.779864 -0.625949 1001 000000000000000000000000 000000000000011111111111 3 0 1 1 0 0 0 1 1 0 0 0 0 0 1 1 0 0 0 0 8 
1000 12 1 183.955 187.879 -0.763583 -0.64571 0.850614 0.52579 1001 000000000000000000000000 000000000000011111111111 3 0 1 1 0 0 0 1 1 0 0 0 0 0 1 1 0 0 0 0 8 
1000 13 1 201.538 203.877 -0.978993 0.203894 0.144635 0.989485 1001 000000000000000000000000 000000000000011111111111 3 0 1 1 0 0 0 1 1 0 0 0 0 0 1 1 0 0 0 0 8 
1000 14 1 226.869 223.426 0.833633 -0.552319 0.995875 0.0907353 1001 000000000000000000000000 000000000000011111111111 3 0 1 1 0 0 0 1 1 0 0 0 0 0 1 1 0 0 0 0 8 1 30 1 30 
1000 15 1 196.532 215.839 0.340943 -0.940084 0.630459 0.776222 1001 000000000000000000000000 000000000000011111111111 3 0 1 1 0 0 0 1 1 0 0 0 0 0 1 1 0 0 0 0 8 1 30 
1000 16 1 199.145 251.468 -0.566928 0.823767 0.316939 0.948446 1001 000000000000000000000000 000000000000011111111111 3 0 1 1 0 0 0 1 1 0 0 0 0 0 1 1 0 0 0 0 8 1 30 1 30 
1000 17 1 218.529 253.229 0.89627 0.443509 0.155397 -0.987852 1001 000000000000000000000000 000000000000011111111111 3 0 1 1 0 0 0 1 1 0 0 0 0 0 1 1 0 0 0 0 8 1 30 1 30 1 30 1 30 
1000 18 1 207.469 271.047 -0.238635 0.971109 -0.839452 0.543434 1001 000000000000000000000000 000000000000011111111111 3 0 1 1 0 0 0 1 1 0 0 0 0 0 1 1 0 0 0 0 8 
1000 19 1 216.905 266.349 0.0639487 -0.997953 0.00343641 -0.999994 1001 000000000000000000000000 000000000000011111111111 3 0 1 1 0 0 0 1 1 0 0 0 0 0 1 1 0 0 0 0 8 1 30 1 30 
1000 20 1 178.597 304.226 -0.995887 0.0906064 -0.977498 0.210944 1001 000000000000000000000000 000000000000011111111111 3 0 1 1 0 0 0 1 1 0 0 0 0 0 1 1 0 0 0 0 8 1 30 
1000 21 1 198.597 279.435 -0.628785 -0.77758 -0.94221 -0.335024 1001 000000000000000000000000 000000000000011111111111 3 0 1 1 0 0 0 1 1 0 0 0 0 0 1 1 0 0 0 0 8 1 30 
1000 22 1 191.453 305.516 -0.0397634 0.999209 -0.929677 -0.368375 1001 000000000000000000000000 000000000000011111111111 3 0 1 1 0 0 0 1 1 0 0 0 0 0 1 1 0 0 0 0 8 1 30 
1000 23 1 217.763 191.915 0.947922 0.318502 -0.986025 0.166595 1001 000000000000000000000000 000000000000011111111111 3 0 1 1 0 0 0 1 1 0 0 0 0 0 1 1 0 0 0 0 8 1 30 1 30 
1000 24 1 230.818 202.03 -0.187362 -0.982291 0.999165 -0.0408685 1001 000000000000000000000000 000000000000011111111111 3 0 1 1 0 0 0 1 1 0 0 0 0 0 1 1 0 0 0 0 8 1 30 1 30 1 30 1 30 
1000 25 1 219.246 213.246 -0.957965 -0.286884 0.996288 0.0860815 1001 000000000000000000000000 000000000000011111111111 3 0 1 1 0 0 0 1 1 0 0 0 0 0 1 1 0 0 0 0 8 1 30 1 30 1 30 
1000 26 1 221.413 201.984 -0.00476459 -0.999989 0.0997094 0.995017 1001 000000000000000000000000 000000000000011111111111 3 0 1 1 0 0 0 1 1 0 0 0 0 0 1 1 0 0 0 0 8 1 30 1 30 1 30 1 30 1 30 
1000 27 1 205.071 231.429 -0.7656 -0.643317 -0.00945305 0.999955 1001 000000000000000000000000 000000000000011111111111 3 0 1 1 0 0 0 1 1 0 0 0 0 0 1 1 0 0 0 0 8 1 30 1 30 
1000 28 1 219.6 237 -0.967598 0.252494 -0.751668 -0.659542 1001 000000000000000000000000 000000000000011111111111 3 0 1 1 0 0 0 1 1 0 0 0 0 0 1 1 0 0 0 0 8 1 30 1 30 
1000 29 1 216.723 245.154 0.968131 0.250443 0.945061 0.326895 1001 000000000000000000000000 000000000000011111111111 3 0 1 1 0 0 0 1 1 0 0 0 0 0 1 1 0 0 0 0 8 1 30 1 30 1 30 1 30 
1000 30 1 223.625 271.719 0.443319 0.896364 0.20601 0.97855 1001 000000000000000000000000 000000000000011111111111 3 0 1 1 0 0 0 1 1 0 0 0 0 0 1 1 0 0 0 0 8 1 30 1 30 
1000 31 1 212.235 294.324 0.954234 -0.299062 -0.989225 -0.146405 1001 000000000000000000000000 000000000000011111111111 3 0 1 1 0 0 0 1 1 0 0 0 0 0 1 1 0 0 0 0 8 1 30 1 30 
1000 32 1 247.81 287.397 0.70286 0.711328 -0.855724 -0.517432 1001 000000000000000000000000 000000000000011111111111 3 0 1 1 0 0 0 1 1 0 0 0 0 0 1 1 0 0 0 0 8 
1000 33 1 213.623 306.115 -0.276543 0.961002 -0.785477 0.61889 1001 000000000000000000000000 000000000000011111111111 3 0 1 1 0 0 0 1 1 0 0 0 0 0 1 1 0 0 0 0 8 1 30 
1000 34 1 227.632 196.526 0.895091 -0.445884 0.991479 0.130267 1001 000000000000000000000000 000000000000011111111111 3 0 1 1 0 0 0 1 1 0 0 0 0 0 1 1 0 0 0 0 8 1 30 1 30 1 30 1 30 1 30 
1000 35 1 242.215 211.462 0.203792 -0.979014 0.066915 0.997759 1001 000000000000000000000000 000000000000011111111111 3 0 1 1 0 0 0 1 1 0 0 0 0 0 1 1 0 0 0 0 8 1 30 1 30 
1000 36 1 249.468 205.935 0.307289 -0.951616 0.549599 0.835428 1001 000000000000000000000000 000000000000011111111111 3 0 1 1 0 0 0 1 1 0 0 0 0 0 1 1 0 0 0 0 8 1 30 1 30 
1000 37 1 227.279 211.044 -0.562998 -0.826458 0.341346 0.939938 1001 000000000000000000000000 000000000000011111111111 3 0 1 1 0 0 0 1 1 0 0 0 0 0 1 1 0 0 0 0 8 1 30 1 30 1 30 1 30 
1000 38 1 252.967 230.852 0.999977 -0.00677588 0.643016 0.765853 1001 000000000000000000000000 000000000000011111111111 3 0 1 1 0 0 0 1 1 0 0 0 0 0 1 1 0 0 0 0 8 1 30 1 30 1 30 1 30 1 30 
1000 39 1 238.902 241.754 0.163168 -0.986598 -0.982327 -0.187174 1001 000000000000000000000000 000000000000011111111111 3 0 1 1 0 0 0 1 1 0 0 0 0 0 1 1 0 0 0 0 8 1 30 
1000 40 1 227.431 243.138 0.797442 -0.603396 -0.88292 0.469524 1001 000000000000000000000000 000000000000011111111111 3 0 1 1 0 0 0 1 1 0 0 0 0 0 1 1 0 0 0 0 8 1 30 1 30 1 30 1 30 
1000 41 1 241.27 255.413 0.376483 -0.926424 -0.706893 -0.70732 1001 000000000000000000000000 000000000000011111111111 3 0 1 1 0 0 0 1 1 0 0 0 0 0 1 1 0 0 0 0 8 1 30 1 30 
1000 42 1 227.277 294.815 0.760982 -0.648773 -0.847316 -0.531089 1001 000000000000000000000000 000000000000011111111111 3 0 1 1 0 0 0 1 1 0 0 0 0 0 1 1 0 0 0 0 8 1 30 1 30 
1000 43 1 246.492 306.206 0.947569 0.319551 -0.173379 -0.984855 1001 000000000000000000000000 000000000000011111111111 3 0 1 1 0 0 0 1 1 0 0 0 0 0 1 1 0 0 0 0 8 1 30 
1000 44 1 232.794 310.54 -0.0498319 -0.998758 -0.794471 0.607302 1001 000000000000000000000000 000000000000011111111111 3 0 1 1 0 0 0 1 1 0 0 0 0 0 1 1 0 0 0 0 8 1 30 
1000 45 1 228.484 186.875 0.979669 -0.20062 -0.174975 0.984573 1001 000000000000000000000000 000000000000011111111111 3 0 1 1 0 0 0 1 1 0 0 0 0 0 1 1 0 0 0 0 8 1 30 
1000 46 1 237.719 199.234 -0.909204 -0.416351 0.234502 0.972116 1001 000000000000000000000000 000000000000011111111111 3 0 1 1 0 0 0 1 1 0 0 0 0 0 1 1 0 0 0 0 8 1 30 1 30 1 30 1 30 
1000 47 1 241.429 175.254 0.033276 -0.999446 -0.0471438 0.998888 1001 000000000000000000000000 000000000000011111111111 3 0 1 1 0 0 0 1 1 0 0 0 0 0 1 1 0 0 0 0 8 
1000 48 1 245.581 223.403 -0.745943 0.66601 0.989124 -0.147082 1001 000000000000000000000000 000000000000011111111111 3 0 1 1 0 0 0 1 1 0 0 0 0 0 1 1 0 0 0 0 8 1 30 1 30 1 30 
1000 49 1 233.896 227.672 0.141204 -0.989981 -0.664759 -0.747058 1001 000000000000000000000000 000000000000011111111111 3 0 1 1 0 0 0 1 1 0 0 0 0 0 1 1 0 0 0 0 8 1 30 1 30 
1000 50 1 244.754 232.6 -0.225547 -0.974232 0.792061 -0.610442 1001 000000000000000000000000 000000000000011111111111 3 0 1 1 0 0 0 1 1 0 0 0 0 0 1 1 0 0 0 0 8 1 30 1 30 1 30 1 30 
1000 51 1 225.316 254 0.468712 -0.883351 -0.992196 0.124685 1001 000000000000000000000000 000000000000011111111111 3 0 1 1 0 0 0 1 1 0 0 0 0 0 1 1 0 0 0 0 8 1 30 1 30 
1000 52 1 232.508 264.328 -0.31311 -0.949717 -0.794125 -0.607755 1001 000000000000000000000000 000000000000011111111111 3 0 1 1 0 0 0 1 1 0 0 0 0 0 1 1 0 0 0 0 8 1 30 
1000 53 1 222.333 287.182 -0.975021 0.222113 0.73829 -0.674483 1001 000000000000000000000000 000000000000011111111111 3 0 1 1 0 0 0 1 1 0 0 0 0 0 1 1 0 0 0 0 8 1 30 1 30 1 30 
1000 54 1 228.364 276.924 -0.994332 -0.106324 -0.544396 -0.838829 1001 000000000000000000000000 000000000000011111111111 3 0 1 1 0 0 0 1 1 0 0 0 0 0 1 1 0 0 0 0 8 1 30 1 30 1 30 
1000 55 1 239.53 302.652 0.606318 0.795222 0.174051 -0.984737 1001 000000000000000000000000 000000000000011111111111 3 0 1 1 0 0 0 1 1 0 0 0 0 0 1 1 0 0 0 0 8 1 30 1 30 1 30 
1000 56 1 259.71 176.194 0.996241 0.0866296 0.144799 -0.989461 1001 000000000000000000000000 000000000000011111111111 3 0 1 1 0 0 0 1 1 0 0 0 0 0 1 1 0 0 0 0 8 
1000 57 1 242.136 189.102 -0.477259 -0.878763 0.575779 0.817606 1001 000000000000000000000000 000000000000011111111111 3 0 1 1 0 0 0 1 1 0 0 0 0 0 1 1 0 0 0 0 8 1 30 1 30 
1000 58 1 262.302 199.778 -0.642548 -0.766246 0.61377 -0.789485 1001 000000000000000000000000 000000000000011111111111 3 0 1 1 0 0 0 1 1 0 0 0 0 0 1 1 0 0 0 0 8 
1000 59 1 254.683 223.867 0.393202 -0.919452 0.538118 0.842869 1001 000000000000000000000000 000000000000011111111111 3 0 1 1 0 0 0 1 1 0 0 0 0 0 1 1 0 0 0 0 8 1 30 1 30 
1000 60 1 261.754 237.787 0.812187 0.583398 0.997334 0.0729756 1001 000000000000000000000000 000000000000011111111111 3 0 1 1 0 0 0 1 1 0 0 0 0 0 1 1 0 0 0 0 8 1 30 1 30 1 30 
1000 61 1 233.259 249.069 -0.71587 -0.698233 0.173538 0.984827 1001 000000000000000000000000 000000000000011111111111 3 0 1 1 0 0 0 1 1 0 0 0 0 0 1 1 0 0 0 0 8 1 30 1 30 1 30 1 30 
1000 62 1 254.516 251.806 -0.85493 -0.518744 0.931026 0.364952 1001 000000000000000000000000 000000000000011111111111 3 0 1 1 0 0 0 1 1 0 0 0 0 0 1 1 0 0 0 0 8 1 30 1 30 
1000 63 1 246.667 266.841 -0.967121 -0.254315 -0.0300867 -0.999547 1001 000000000000000000000000 000000000000011111111111 3 0 1 1 0 0 0 1 1 0 0 0 0 0 1 1 0 0 0 0 8 1 30 1 30 1 30 
1000 64 1 257.254 291.159 0.908118 -0.418713 0.68856 0.725179 1001 000000000000000000000000 000000000000011111111111 3 0 1 1 0 0 0 1 1 0 0 0 0 0 1 1 0 0 0 0 8 
1000 65 1 238.219 292.188 0.883864 0.467744 0.945989 0.324198 1001 000000000000000000000000 000000000000011111111111 3 0 1 1 0 0 0 1 1 0 0 0 0 0 1 1 0 0 0 0 8 1 30 1 30 
1000 66 1 252.22 317.203 0.998921 0.0464498 -0.822897 -0.568191 1001 000000000000000000000000 000000000000011111111111 3 0 1 1 0 0 0 1 1 0 0 0 0 0 1 1 0 0 0 0 8 1 30 
1000 67 1 250.938 193.578 0.549841 0.835269 -0.993198 0.116438 1001 000000000000000000000000 000000000000011111111111 3 0 1 1 0 0 0 1 1 0 0 0 0 0 1 1 0 0 0 0 8 1 30 
1000 68 1 271.672 218.492 -0.136958 0.990577 0.862899 -0.505376 1001 000000000000000000000000 000000000000011111111111 3 0 1 1 0 0 0 1 1 0 0 0 0 0 1 1 0 0 0 0 8 1 30 1 30 
1000 69 1 278.283 236.367 0.955314 -0.295592 -0.999886 -0.0150845 1001 000000000000000000000000 000000000000011111111111 3 0 1 1 0 0 0 1 1 0 0 0 0 0 1 1 0 0 0 0 8 1 30 1 30 
1000 70 1 270.42 243.29 0.999951 -0.009885 0.347556 0.937659 1001 000000000000000000000000 000000000000011111111111 3 0 1 1 0 0 0 1 1 0 0 0 0 0 1 1 0 0 0 0 8 1 30 1 30 
1000 71 1 275.971 255.426 0.920248 0.391335 0.160907 0.98697 1001 000000000000000000000000 000000000000011111111111 3 0 1 1 0 0 0 1 1 0 0 0 0 0 1 1 0 0 0 0 8 1 30 1 30 1 30 1 30 1 30 
1000 72 1 251.821 240.97 -0.606244 -0.795278 -0.652878 0.757463 1001 000000000000000000000000 000000000000011111111111 3 0 1 1 0 0 0 1 1 0 0 0 0 0 1 1 0 0 0 0 8 1 30 1 30 1 30 1 30 
1000 73 1 250.712 256.955 0.921406 -0.388602 -0.582397 0.812904 1001 000000000000000000000000 000000000000011111111111 3 0 1 1 0 0 0 1 1 0 0 0 0 0 1 1 0 0 0 0 8 1 30 1 30 1 30 1 30 
1000 74 1 266.559 254.966 0.533338 0.845902 -0.975835 -0.218508 1001 000000000000000000000000 000000000000011111111111 3 0 1 1 0 0 0 1 1 0 0 0 0 0 1 1 0 0 0 0 8 1 30 1 30 
1000 75 1 249.435 274.387 0.271746 0.962369 -0.555031 -0.83183 1001 000000000000000000000000 000000000000011111111111 3 0 1 1 0 0 0 1 1 0 0 0 0 0 1 1 0 0 0 0 8 1 30 1 30 
1000 76 1 259.754 263.77 0.971595 0.236652 -0.986982 0.160831 1001 000000000000000000000000 000000000000011111111111 3 0 1 1 0 0 0 1 1 0 0 0 0 0 1 1 0 0 0 0 8 1 30 1 30 
1000 77 1 260.062 309.234 0.605059 -0.79618 -0.589513 -0.807759 1001 000000000000000000000000 000000000000011111111111 3 0 1 1 0 0 0 1 1 0 0 0 0 0 1 1 0 0 0 0 8 1 30 
1000 78 1 300.776 194.657 0.841281 -0.540597 0.233563 0.972342 1001 000000000000000000000000 000000000000011111111111 3 0 1 1 0 0 0 1 1 0 0 0 0 0 1 1 0 0 0 0 8 
1000 79 1 259.016 213.889 -0.0862342 -0.996275 -0.530493 0.847689 1001 000000000000000000000000 000000000000011111111111 3 0 1 1 0 0 0 1 1 0 0 0 0 0 1 1 0 0 0 0 8 1 30 
1000 80 1 280.836 206.934 0.274179 -0.961679 0.77036 0.63761 1001 000000000000000000000000 000000000000011111111111 3 0 1 1 0 0 0 1 1 0 0 0 0 0 1 1 0 0 0 0 8 1 30 1 30 
1000 81 1 278.254 225.762 -0.0614723 0.998109 0.943521 0.331313 1001 000000000000000000000000 000000000000011111111111 3 0 1 1 0 0 0 1 1 0 0 0 0 0 1 1 0 0 0 0 8 1 30 1 30 
1000 82 1 285.246 251.415 0.794927 0.606705 0.135205 0.990818 1001 000000000000000000000000 000000000000011111111111 3 0 1 1 0 0 0 1 1 0 0 0 0 0 1 1 0 0 0 0 8 1 30 1 30 1 30 
1000 83 1 286.106 258.697 0.999003 -0.0446396 -0.835302 -0.549792 1001 000000000000000000000000 000000000000011111111111 3 0 1 1 0 0 0 1 1 0 0 0 0 0 1 1 0 0 0 0 8 1 30 1 30 1 30 
1000 84 1 292.154 242.308 -0.996745 0.0806234 -0.303687 -0.952772 1001 000000000000000000000000 000000000000011111111111 3 0 1 1 0 0 0 1 1 0 0 0 0 0 1 1 0 0 0 0 8 1 30 1 30 
1000 85 1 300.891 259.219 0.541635 -0.840614 -0.22406 0.974575 1001 000000000000000000000000 000000000000011111111111 3 0 1 1 0 0 0 1 1 0 0 0 0 0 1 1 0 0 0 0 8 
1000 86 1 271.656 262.297 0.992231 0.124405 0.0208288 0.999783 1001 000000000000000000000000 000000000000011111111111 3 0 1 1 0 0 0 1 1 0 0 0 0 0 1 1 0 0 0 0 8 1 30 1 30 
1000 87 1 270.127 274.079 -0.587842 0.808975 0.937866 0.346998 1001 000000000000000000000000 000000000000011111111111 3 0 1 1 0 0 0 1 1 0 0 0 0 0 1 1 0 0 0 0 8 1 30 1 30 
1000 88 1 256.629 272.814 0.477494 -0.878635 -0.367928 -0.929854 1001 000000000000000000000000 000000000000011111111111 3 0 1 1 0 0 0 1 1 0 0 0 0 0 1 1 0 0 0 0 8 1 30 1 30 1 30 1 30 
1000 89 1 290.923 202.369 0.967823 -0.251634 -0.869807 -0.493392 1001 000000000000000000000000 000000000000011111111111 3 0 1 1 0 0 0 1 1 0 0 0 0 0 1 1 0 0 0 0 8 1 30 1 30 1 30 
1000 90 1 302.812 209.312 0.483062 0.875586 -0.491695 -0.870767 1001 000000000000000000000000 000000000000011111111111 3 0 1 1 0 0 0 1 1 0 0 0 0 0 1 1 0 0 0 0 8 1 30 
1000 91 1 290.525 231.508 0.324384 -0.945926 -0.763526 0.645777 1001 000000000000000000000000 000000000000011111111111 3 0 1 1 0 0 0 1 1 0 0 0 0 0 1 1 0 0 0 0 8 1 30 
1000 92 1 292.923 220.815 -0.714127 0.700016 -0.186263 -0.9825 1001 000000000000000000000000 000000000000011111111111 3 0 1 1 0 0 0 1 1 0 0 0 0 0 1 1 0 0 0 0 8 
1000 93 1 318.846 229.292 -0.940926 -0.338612 0.801654 0.597788 1001 000000000000000000000000 000000000000011111111111 3 0 1 1 0 0 0 1 1 0 0 0 0 0 1 1 0 0 0 0 8 
1000 94 1 306.677 231.892 -0.890252 -0.455468 0.72363 0.690188 1001 000000000000000000000000 000000000000011111111111 3 0 1 1 0 0 0 1 1 0 0 0 0 0 1 1 0 0 0 0 8 
1000 95 1 313.446 252.062 0.997983 -0.0634894 -0.921856 0.387532 1001 000000000000000000000000 000000000000011111111111 3 0 1 1 0 0 0 1 1 0 0 0 0 0 1 1 0 0 0 0 8 
1000 96 1 282.111 268.937 0.867203 -0.497955 0.812655 0.582745 1001 000000000000000000000000 000000000000011111111111 3 0 1 1 0 0 0 1 1 0 0 0 0 0 1 1 0 0 0 0 8 1 30 1 30 1 30 
1000 97 1 276.603 301.588 0.48507 -0.874475 -0.0153292 0.999883 1001 000000000000000000000000 000000000000011111111111 3 0 1 1 0 0 0 1 1 0 0 0 0 0 1 1 0 0 0 0 8 
1000 98 1 270.828 315.391 0.810695 0.585469 -0.64645 0.762956 1001 000000000000000000000000 000000000000011111111111 3 0 1 1 0 0 0 1 1 0 0 0 0 0 1 1 0 0 0 0 8 
1000 99 1 308.197 281.873 -0.996618 0.0821738 -0.890869 0.454261 1001 000000000000000000000000 000000000000011111111111 3 0 1 1 0 0 0 1 1 0 0 0 0 0 1 1 0 0 0 0 8 
1000 100 1 286.23 191.639 0.662257 -0.749277 0.479073 0.877775 1001 000000000000000000000000 000000000000011111111111 3 0 1 1 0 0 0 1 1 0 0 0 0 0 1 1 0 0 0 0 8 1 30 
