0 1 1 211.693 211.947 -0.431158 -0.902276 -0.952538 -0.304419 1 000000000000000000000000 000000000000000000111111 3 0 1 1 0 0 0 1 1 0 0 0 0 0 1 1 0 0 0 0 8 1 40 1 40 1 40 
0 2 1 207.902 219.573 0.0996186 -0.995026 0.253573 0.967316 1 000000000000000000000000 000000000000000000111111 3 0 1 1 0 0 0 1 1 0 0 0 0 0 1 1 0 0 0 0 8 1 40 1 40 1 40 
0 3 1 210.419 226.824 0.111537 -0.99376 0.323497 0.946229 1 000000000000000000000000 000000000000000000111111 3 0 1 1 0 0 0 1 1 0 0 0 0 0 1 1 0 0 0 0 8 1 40 1 40 1 40 1 40 1 40 
0 4 1 208.753 233.74 -0.998978 0.0451998 0.366759 0.930316 1 000000000000000000000000 000000000000000000111111 3 0 1 1 0 0 0 1 1 0 0 0 0 0 1 1 0 0 0 0 8 1 40 1 40 1 40 
0 5 1 210.7 240.429 -0.951634 -0.307235 0.932829 0.36032 1 000000000000000000000000 000000000000000000111111 3 0 1 1 0 0 0 1 1 0 0 0 0 0 1 1 0 0 0 0 8 1 40 1 40 1 40 1 40 1 40 
0 6 1 209.521 247.239 -0.615721 0.787964 0.916835 -0.399267 1 000000000000000000000000 000000000000000000111111 3 0 1 1 0 0 0 1 1 0 0 0 0 0 1 1 0 0 0 0 8 1 40 1 40 1 40 1 40 1 40 
0 7 1 208.828 254.594 -0.996899 0.0786887 -0.488244 0.872707 1 000000000000000000000000 000000000000000000111111 3 0 1 1 0 0 0 1 1 0 0 0 0 0 1 1 0 0 0 0 8 1 40 1 40 1 40 
0 8 1 209.237 261.855 -0.662237 -0.749294 -0.117704 0.993049 1 000000000000000000000000 000000000000000000111111 3 0 1 1 0 0 0 1 1 0 0 0 0 0 1 1 0 0 0 0 8 1 40 1 40 1 40 1 40 1 40 
0 9 1 207.686 268.771 -0.907108 0.420897 0.929961 0.367659 1 000000000000000000000000 000000000000000000111111 3 0 1 1 0 0 0 1 1 0 0 0 0 0 1 1 0 0 0 0 8 1 40 1 40 1 40 1 40 
0 10 1 209.387 275.253 -0.738154 -0.674632 0.954695 -0.297587 1 000000000000000000000000 000000000000000000111111 3 0 1 1 0 0 0 1 1 0 0 0 0 0 1 1 0 0 0 0 8 1 40 1 40 1 40 1 40 
0 11 1 211.544 286.899 0.982041 0.188667 -0.999788 0.0205978 1 000000000000000000000000 000000000000000000111111 3 0 1 1 0 0 0 1 1 0 0 0 0 0 1 1 0 0 0 0 8 1 40 1 40 1 40 
0 12 1 220.361 210.542 -0.0464537 -0.99892 0.558337 0.829614 1 000000000000000000000000 000000000000000000111111 3 0 1 1 0 0 0 1 1 0 0 0 0 0 1 1 0 0 0 0 8 1 40 1 40 1 40 1 40 
0 13 1 218.071 218.986 0.985875 -0.167481 -0.967124 -0.254304 1 000000000000000000000000 000000000000000000111111 3 0 1 1 0 0 0 1 1 0 0 0 0 0 1 1 0 0 0 1 40 1 40 1 40 1 40 1 40 1 40 
0 14 1 220.226 225.935 0.757342 -0.653018 0.292113 -0.956384 1 000000000000000000000000 000000000000000000111111 3 0 1 1 0 0 0 1 1 0 0 0 0 0 1 1 0 0 0 1 40 1 40 1 40 1 40 1 40 
0 15 1 219.068 233.966 0.99884 0.0481545 0.981791 0.189963 1 000000000000000000000000 000000000000000000111111 3 0 1 1 0 0 0 1 1 0 0 0 0 0 1 1 0 0 0 1 40 1 40 1 40 1 40 1 40 1 40 1 40 1 40 
0 16 1 218.764 241.618 -0.949042 0.31515 -0.852993 -0.521923 1 000000000000000000000000 000000000000000000111111 3 0 1 1 0 0 0 1 1 0 0 0 0 0 1 1 0 0 0 1 40 1 40 1 40 1 40 1 40 
0 17 1 218.327 248.655 -0.100746 0.994912 0.780486 0.625173 1 000000000000000000000000 000000000000000000111111 3 0 1 1 0 0 0 1 1 0 0 0 0 0 1 1 0 0 0 1 40 1 40 1 40 1 40 1 40 1 40 
0 18 1 217.557 255.656 0.547104 0.837065 -0.987528 0.157443 1 000000000000000000000000 000000000000000000111111 3 0 1 1 0 0 0 1 1 0 0 0 0 0 1 1 0 0 0 1 40 1 40 1 40 1 40 1 40 1 40 1 40 1 40 
0 19 1 218.156 262.672 -0.565421 0.824803 0.0105777 -0.999944 1 000000000000000000000000 000000000000000000111111 3 0 1 1 0 0 0 1 1 0 0 0 0 0 1 1 0 0 0 1 40 1 40 1 40 1 40 1 40 1 40 
0 20 1 218.45 270.217 0.389955 0.920834 0.999092 -0.0426153 1 000000000000000000000000 000000000000000000111111 3 0 1 1 0 0 0 1 1 0 0 0 0 0 1 1 0 0 0 1 40 1 40 1 40 1 40 1 40 1 40 1 40 1 40 
0 21 1 217.475 277.869 0.808084 -0.589068 -0.749465 0.662044 1 000000000000000000000000 000000000000000000111111 3 0 1 1 0 0 0 1 1 0 0 0 0 0 1 1 0 0 0 1 40 1 40 1 40 1 40 1 40 1 40 1 40 
0 22 1 218.592 285.724 0.997063 0.0765852 -0.929658 -0.368422 1 000000000000000000000000 000000000000000000111111 3 0 1 1 0 0 0 1 1 0 0 0 0 0 1 1 0 0 0 0 8 1 40 1 40 1 40 1 40 
0 23 1 227.014 208.944 -0.97825 -0.207427 0.0739468 -0.997262 1 000000000000000000000000 000000000000000000111111 3 0 1 1 0 0 0 1 1 0 0 0 0 0 1 1 0 0 0 0 8 1 40 1 40 1 40 
0 24 1 227.094 218.109 -0.996255 -0.0864625 -0.549404 0.835557 1 000000000000000000000000 000000000000000000111111 3 0 1 1 0 0 0 1 1 0 0 0 0 0 1 1 0 0 0 1 40 1 40 1 40 1 40 1 40 1 40 1 40 1 40 
0 25 1 226.788 228 -0.946875 -0.321602 0.967857 0.251503 1 000000000000000000000000 000000000000000000111111 3 0 1 1 0 0 0 1 1 0 0 0 0 0 1 1 0 0 0 1 40 1 40 1 40 1 40 1 40 1 40 
0 26 1 226.774 233.906 0.704804 0.709403 0.624502 0.781023 1 000000000000000000000000 000000000000000000111111 3 0 1 1 0 0 0 1 1 0 0 0 0 0 1 1 0 0 0 1 40 1 40 1 40 1 40 
0 27 1 226.268 241.036 0.157942 0.987448 -0.685669 0.727914 1 000000000000000000000000 000000000000000000111111 3 0 1 1 0 0 0 1 1 0 0 0 0 0 1 1 0 0 0 1 40 1 40 1 40 1 40 1 40 1 40 1 40 
0 28 1 226.4 248.218 -0.965266 -0.261269 -0.391764 -0.920066 1 000000000000000000000000 000000000000000000111111 3 0 1 1 0 0 0 1 1 0 0 0 0 0 1 1 0 0 0 1 40 1 40 1 40 1 40 1 40 1 40 
0 29 1 226.604 255.019 -0.525824 -0.850594 -0.373229 -0.927739 1 000000000000000000000000 000000000000000000111111 3 0 1 1 0 0 0 1 1 0 0 0 0 0 1 1 0 0 0 1 40 1 40 1 40 1 40 1 40 1 40 1 40 
0 30 1 226.078 262.157 0.0921167 -0.995748 -0.531009 -0.847366 1 000000000000000000000000 000000000000000000111111 3 0 1 1 0 0 0 1 1 0 0 0 0 0 1 1 0 0 0 1 40 1 40 1 40 1 40 1 40 1 40 
0 31 1 225.733 269.55 0.996448 -0.0842048 0.627159 0.778891 1 000000000000000000000000 000000000000000000111111 3 0 1 1 0 0 0 1 1 0 0 0 0 0 1 1 0 0 0 1 40 1 40 1 40 1 40 1 40 1 40 
0 32 1 226.906 276.547 0.573014 -0.819545 -0.776521 -0.630091 1 000000000000000000000000 000000000000000000111111 3 0 1 1 0 0 0 1 1 0 0 0 0 0 1 1 0 0 0 1 40 1 40 1 40 1 40 1 40 1 40 
0 33 1 225.806 284.015 -0.996064 -0.0886365 -0.621752 0.783214 1 000000000000000000000000 000000000000000000111111 3 0 1 1 0 0 0 1 1 0 0 0 0 0 1 1 0 0 0 0 8 1 40 1 40 1 40 1 40 1 40 
0 34 1 234.667 210.727 -0.585293 0.810822 -0.236993 -0.971511 1 000000000000000000000000 000000000000000000111111 3 0 1 1 0 0 0 1 1 0 0 0 0 0 1 1 0 0 0 0 8 1 40 1 40 1 40 1 40 1 40 1 40 
0 35 1 234.27 218.635 -0.965895 -0.258933 0.528893 0.848689 1 000000000000000000000000 000000000000000000111111 3 0 1 1 0 0 0 1 1 0 0 0 0 0 1 1 0 0 0 1 40 1 40 1 40 1 40 1 40 
0 36 1 233.673 226.382 -0.929507 -0.368804 -0.951933 -0.306305 1 000000000000000000000000 000000000000000000111111 3 0 1 1 0 0 0 1 1 0 0 0 0 0 1 1 0 0 0 1 40 1 40 1 40 1 40 1 40 1 40 
0 37 1 233.837 234.857 0.647064 0.762436 0.907959 -0.419058 1 000000000000000000000000 000000000000000000111111 3 0 1 1 0 0 0 1 1 0 0 0 0 0 1 1 0 0 0 1 40 1 40 1 40 1 40 1 40 1 40 1 40 
0 38 1 233.961 241.627 -0.701878 -0.712297 0.914167 0.405338 1 000000000000000000000000 000000000000000000111111 3 0 1 1 0 0 0 1 1 0 0 0 0 0 1 1 0 0 0 1 40 1 40 1 40 1 40 1 40 1 40 
0 39 1 233.75 248.812 -0.999219 0.0395195 -0.745883 0.666077 1 000000000000000000000000 000000000000000000111111 3 0 1 1 0 0 0 1 1 0 0 0 0 0 1 1 0 0 0 1 40 1 40 1 40 1 40 1 40 1 40 
0 40 1 234.327 255.143 0.0966512 -0.995318 -0.999662 -0.0260028 1 000000000000000000000000 000000000000000000111111 3 0 1 1 0 0 0 1 1 0 0 0 0 0 1 1 0 0 0 1 40 1 40 1 40 1 40 1 40 
0 41 1 232.935 262.087 0.974454 -0.224589 0.715146 0.698975 1 000000000000000000000000 000000000000000000111111 3 0 1 1 0 0 0 1 1 0 0 0 0 0 1 1 0 0 0 1 40 1 40 1 40 1 40 1 40 1 40 1 40 
0 42 1 233.72 268.38 0.930354 -0.366662 0.511223 -0.859448 1 000000000000000000000000 000000000000000000111111 3 0 1 1 0 0 0 1 1 0 0 0 0 0 1 1 0 0 0 1 40 1 40 1 40 1 40 1 40 1 40 
0 43 1 234.333 276 0.820873 -0.571111 -0.308748 0.951144 1 000000000000000000000000 000000000000000000111111 3 0 1 1 0 0 0 1 1 0 0 0 0 0 1 1 0 0 0 1 40 1 40 1 40 1 40 1 40 1 40 
0 44 1 232.059 286.588 -0.751142 -0.66014 -0.64579 0.763515 1 000000000000000000000000 000000000000000000111111 3 0 1 1 0 0 0 1 1 0 0 0 0 0 1 1 0 0 0 0 8 1 40 1 40 1 40 1 40 1 40 
0 45 1 240.934 207.079 0.909234 0.416285 0.527753 -0.849398 1 000000000000000000000000 000000000000000000111111 3 0 1 1 0 0 0 1 1 0 0 0 0 0 1 1 0 0 0 0 8 1 40 1 40 1 40 
0 46 1 242.421 218.491 0.711127 -0.703063 -0.780113 -0.625639 1 000000000000000000000000 000000000000000000111111 3 0 1 1 0 0 0 1 1 0 0 0 0 0 1 1 0 0 0 1 40 1 40 1 40 1 40 1 40 1 40 1 40 
0 47 1 240.392 225.98 -0.998179 0.0603142 0.645698 0.763593 1 000000000000000000000000 000000000000000000111111 3 0 1 1 0 0 0 1 1 0 0 0 0 0 1 1 0 0 0 1 40 1 40 1 40 1 40 1 40 1 40 
0 48 1 240.608 233.294 0.898207 0.439574 -0.450872 -0.892589 1 000000000000000000000000 000000000000000000111111 3 0 1 1 0 0 0 1 1 0 0 0 0 0 1 1 0 0 0 1 40 1 40 1 40 1 40 1 40 1 40 1 40 
0 49 1 240.885 240.481 0.388194 0.921578 -0.609097 -0.793095 1 000000000000000000000000 000000000000000000111111 3 0 1 1 0 0 0 1 1 0 0 0 0 0 1 1 0 0 0 1 40 1 40 1 40 1 40 1 40 1 40 1 40 
0 50 1 240.857 248.673 -0.764676 -0.644415 -0.246192 -0.969221 1 000000000000000000000000 000000000000000000111111 3 0 1 1 0 0 0 1 1 0 0 0 0 0 1 1 0 0 0 1 40 1 40 1 40 1 40 1 40 1 40 1 40 
0 51 1 240.36 256.28 -0.872335 -0.488909 0.645285 -0.763942 1 000000000000000000000000 000000000000000000111111 3 0 1 1 0 0 0 1 1 0 0 0 0 0 1 1 0 0 0 1 40 1 40 1 40 1 40 1 40 
0 52 1 240.733 262.156 -0.944509 -0.328484 -0.99871 -0.0507819 1 000000000000000000000000 000000000000000000111111 3 0 1 1 0 0 0 1 1 0 0 0 0 0 1 1 0 0 0 1 40 1 40 1 40 1 40 1 40 1 40 
0 53 1 240.843 269.353 0.0987163 0.995116 0.82903 -0.559204 1 000000000000000000000000 000000000000000000111111 3 0 1 1 0 0 0 1 1 0 0 0 0 0 1 1 0 0 0 1 40 1 40 1 40 1 40 1 40 1 40 1 40 
0 54 1 240.362 277.879 -0.746757 0.665097 -0.982019 0.188783 1 000000000000000000000000 000000000000000000111111 3 0 1 1 0 0 0 1 1 0 0 0 0 0 1 1 0 0 0 1 40 1 40 1 40 1 40 1 40 1 40 
0 55 1 239.13 287.221 0.338507 0.940964 0.107898 0.994162 1 000000000000000000000000 000000000000000000111111 3 0 1 1 0 0 0 1 1 0 0 0 0 0 1 1 0 0 0 0 8 1 40 1 40 1 40 1 40 
0 56 1 247.585 211.246 0.398746 0.917062 0.988115 -0.153717 1 000000000000000000000000 000000000000000000111111 3 0 1 1 0 0 0 1 1 0 0 0 0 0 1 1 0 0 0 0 8 1 40 1 40 1 40 1 40 1 40 
0 57 1 248.95 218.583 0.584634 0.811297 0.59093 -0.806722 1 000000000000000000000000 000000000000000000111111 3 0 1 1 0 0 0 1 1 0 0 0 0 0 1 1 0 0 0 1 40 1 40 1 40 1 40 1 40 1 40 
0 58 1 247.434 227.245 0.0110081 -0.999939 0.992448 0.122662 1 000000000000000000000000 000000000000000000111111 3 0 1 1 0 0 0 1 1 0 0 0 0 0 1 1 0 0 0 1 40 1 40 1 40 1 40 1 40 1 40 1 40 
0 59 1 248.176 234.686 0.997319 -0.0731764 0.0256326 0.999671 1 000000000000000000000000 000000000000000000111111 3 0 1 1 0 0 0 1 1 0 0 0 0 0 1 1 0 0 0 1 40 1 40 1 40 1 40 1 40 1 40 1 40 
0 60 1 247.64 241.52 -0.983682 -0.179917 -0.0293991 0.999568 1 000000000000000000000000 000000000000000000111111 3 0 1 1 0 0 0 1 1 0 0 0 0 0 1 1 0 0 0 1 40 1 40 1 40 1 40 1 40 1 40 
0 61 1 247.878 247.265 -0.780528 -0.625121 0.951915 -0.306363 1 000000000000000000000000 000000000000000000111111 3 0 1 1 0 0 0 1 1 0 0 0 0 0 1 1 0 0 0 0 8 1 40 1 40 1 40 1 40 1 40 1 40 
0 62 1 247.942 254.385 0.953674 -0.300842 0.383606 0.923497 1 000000000000000000000000 000000000000000000111111 3 0 1 1 0 0 0 1 1 0 0 0 0 0 1 1 0 0 0 0 8 1 40 1 40 1 40 1 40 1 40 1 40 1 40 
0 63 1 247.184 262.367 0.91371 0.406367 -0.190417 0.981703 1 000000000000000000000000 000000000000000000111111 3 0 1 1 0 0 0 1 1 0 0 0 0 0 1 1 0 0 0 1 40 1 40 1 40 1 40 1 40 
0 64 1 248.271 268.75 0.701745 -0.712428 0.999163 -0.0409014 1 000000000000000000000000 000000000000000000111111 3 0 1 1 0 0 0 1 1 0 0 0 0 0 1 1 0 0 0 1 40 1 40 1 40 1 40 1 40 1 40 
0 65 1 246.712 276.915 0.747728 0.664005 -0.431703 -0.902016 1 000000000000000000000000 000000000000000000111111 3 0 1 1 0 0 0 1 1 0 0 0 0 0 1 1 0 0 0 1 40 1 40 1 40 1 40 1 40 1 40 1 40 
0 66 1 248.527 284.392 -0.6817 0.731632 -0.9221 0.386953 1 000000000000000000000000 000000000000000000111111 3 0 1 1 0 0 0 1 1 0 0 0 0 0 1 1 0 0 0 0 8 1 40 1 40 1 40 1 40 
0 67 1 255.851 208.932 0.991845 -0.12745 -0.585065 -0.810986 1 000000000000000000000000 000000000000000000111111 3 0 1 1 0 0 0 1 1 0 0 0 0 0 1 1 0 0 0 0 8 1 40 1 40 1 40 1 40 
0 68 1 255.8 219.067 -0.920404 0.390969 0.0922874 -0.995732 1 000000000000000000000000 000000000000000000111111 3 0 1 1 0 0 0 1 1 0 0 0 0 0 1 1 0 0 0 1 40 1 40 1 40 1 40 1 40 1 40 
0 69 1 255.153 226.797 0.180302 0.983611 -0.970838 -0.239737 1 000000000000000000000000 000000000000000000111111 3 0 1 1 0 0 0 1 1 0 0 0 0 0 1 1 0 0 0 1 40 1 40 1 40 1 40 1 40 1 40 
0 70 1 255.333 233.333 -0.987879 0.155227 -0.355995 0.934488 1 000000000000000000000000 000000000000000000111111 3 0 1 1 0 0 0 1 1 0 0 0 0 0 1 1 0 0 0 1 40 1 40 1 40 1 40 1 40 1 40 1 40 
0 71 1 255.667 240.902 0.305761 -0.952108 0.0613814 0.998114 1 000000000000000000000000 000000000000000000111111 3 0 1 1 0 0 0 1 1 0 0 0 0 0 1 1 0 0 0 1 40 1 40 1 40 1 40 1 40 1 40 1 40 1 40 
0 72 1 255.655 247.855 0.0233843 0.999727 0.680773 0.732494 1 000000000000000000000000 000000000000000000111111 3 0 1 1 0 0 0 1 1 0 0 0 0 0 1 1 0 0 0 0 8 1 40 1 40 1 40 1 40 1 40 1 40 
0 73 1 255.062 254.646 0.46835 0.883543 -0.48047 -0.877011 1 000000000000000000000000 000000000000000000111111 3 0 1 1 0 0 0 1 1 0 0 0 0 0 1 1 0 0 0 0 8 1 40 1 40 1 40 1 40 1 40 1 40 
0 74 1 254.288 262.068 -0.999994 0.00349705 0.170308 0.985391 1 000000000000000000000000 000000000000000000111111 3 0 1 1 0 0 0 1 1 0 0 0 0 0 1 1 0 0 0 1 40 1 40 1 40 1 40 1 40 1 40 1 40 
0 75 1 254.473 270.418 0.875038 -0.484054 -0.146449 0.989218 1 000000000000000000000000 000000000000000000111111 3 0 1 1 0 0 0 1 1 0 0 0 0 0 1 1 0 0 0 1 40 1 40 1 40 1 40 1 40 
0 76 1 255.213 276.754 -0.915036 -0.403373 0.354357 0.93511 1 000000000000000000000000 000000000000000000111111 3 0 1 1 0 0 0 1 1 0 0 0 0 0 1 1 0 0 0 1 40 1 40 1 40 1 40 1 40 1 40 1 40 
0 77 1 254.88 288.084 0.514372 0.857567 0.567657 -0.823265 1 000000000000000000000000 000000000000000000111111 3 0 1 1 0 0 0 1 1 0 0 0 0 0 1 1 0 0 0 0 8 1 40 1 40 1 40 1 40 
0 78 1 262.522 209.731 -0.676386 0.736547 -0.4741 -0.880471 1 000000000000000000000000 000000000000000000111111 3 0 1 1 0 0 0 1 1 0 0 0 0 0 1 1 0 0 0 0 8 1 40 1 40 1 40 1 40 
0 79 1 263.585 218.908 0.996603 0.082355 -0.060142 0.99819 1 000000000000000000000000 000000000000000000111111 3 0 1 1 0 0 0 1 1 0 0 0 0 0 1 1 0 0 0 1 40 1 40 1 40 1 40 1 40 
0 80 1 263.159 226.063 -0.711188 0.703002 0.83974 0.542989 1 000000000000000000000000 000000000000000000111111 3 0 1 1 0 0 0 1 1 0 0 0 0 0 1 1 0 0 0 1 40 1 40 1 40 1 40 1 40 1 40 1 40 
0 81 1 263.661 233.661 -0.913276 0.407342 0.558661 -0.829396 1 000000000000000000000000 000000000000000000111111 3 0 1 1 0 0 0 1 1 0 0 0 0 0 1 1 0 0 0 1 40 1 40 1 40 1 40 1 40 1 40 1 40 1 40 
0 82 1 263.583 241.517 -0.790433 0.612549 -0.376017 -0.926613 1 000000000000000000000000 000000000000000000111111 3 0 1 1 0 0 0 1 1 0 0 0 0 0 1 1 0 0 0 1 40 1 40 1 40 1 40 1 40 1 40 1 40 
0 83 1 263.596 248 -0.0340395 0.99942 -0.699583 -0.714551 1 000000000000000000000000 000000000000000000111111 3 0 1 1 0 0 0 1 1 0 0 0 0 0 1 1 0 0 0 1 40 1 40 1 40 1 40 1 40 1 40 
0 84 1 263.193 254.596 0.983946 0.178468 -0.504087 -0.863653 1 000000000000000000000000 000000000000000000111111 3 0 1 1 0 0 0 1 1 0 0 0 0 0 1 1 0 0 0 1 40 1 40 1 40 1 40 1 40 1 40 
0 85 1 261.702 261.035 0.0491729 0.99879 -0.575143 -0.818053 1 000000000000000000000000 000000000000000000111111 3 0 1 1 0 0 0 1 1 0 0 0 0 0 1 1 0 0 0 1 40 1 40 1 40 1 40 1 40 1 40 
0 86 1 262.371 268.516 -0.834382 -0.551186 0.723528 0.690295 1 000000000000000000000000 000000000000000000111111 3 0 1 1 0 0 0 1 1 0 0 0 0 0 1 1 0 0 0 1 40 1 40 1 40 1 40 1 40 1 40 1 40 
0 87 1 262.942 277.841 -0.987768 0.155931 -0.664172 0.74758 1 000000000000000000000000 000000000000000000111111 3 0 1 1 0 0 0 1 1 0 0 0 0 0 1 1 0 0 0 1 40 1 40 1 40 1 40 1 40 1 40 
0 88 1 262.775 286.175 -0.652016 0.758205 -0.306143 0.951986 1 000000000000000000000000 000000000000000000111111 3 0 1 1 0 0 0 1 1 0 0 0 0 0 1 1 0 0 0 0 8 1 40 1 40 1 40 1 40 1 40 
0 89 1 270.205 209.833 0.744631 0.667477 -0.961976 0.273134 1 000000000000000000000000 000000000000000000111111 3 0 1 1 0 0 0 1 1 0 0 0 0 0 1 1 0 0 0 0 8 1 40 1 40 1 40 1 40 
0 90 1 271.324 218.618 -0.282256 0.959339 -0.47073 0.882277 1 000000000000000000000000 000000000000000000111111 3 0 1 1 0 0 0 1 1 0 0 0 0 0 1 1 0 0 0 0 8 1 40 1 40 1 40 1 40 1 40 
0 91 1 273.609 225.652 -0.998748 0.0500189 -0.93304 0.359774 1 000000000000000000000000 000000000000000000111111 3 0 1 1 0 0 0 1 1 0 0 0 0 0 1 1 0 0 0 0 8 1 40 1 40 1 40 1 40 
0 92 1 270.894 233.258 0.744222 -0.667932 -0.999987 0.00502633 1 000000000000000000000000 000000000000000000111111 3 0 1 1 0 0 0 1 1 0 0 0 0 0 1 1 0 0 0 0 8 1 40 1 40 1 40 1 40 
0 93 1 272 240.338 -0.3082 0.951321 0.379223 -0.925305 1 000000000000000000000000 000000000000000000111111 3 0 1 1 0 0 0 1 1 0 0 0 0 0 1 1 0 0 0 0 8 1 40 1 40 1 40 1 40 1 40 
0 94 1 272.986 248.6 0.775867 0.630897 0.753773 -0.657135 1 000000000000000000000000 000000000000000000111111 3 0 1 1 0 0 0 1 1 0 0 0 0 0 1 1 0 0 0 0 8 1 40 1 40 1 40 1 40 1 40 
0 95 1 271.234 256.141 -0.960864 0.277022 0.731894 -0.681419 1 000000000000000000000000 000000000000000000111111 3 0 1 1 0 0 0 1 1 0 0 0 0 0 1 1 0 0 0 0 8 1 40 1 40 1 40 1 40 
0 96 1 272.32 263.28 -0.143128 0.989704 0.975201 -0.221322 1 000000000000000000000000 000000000000000000111111 3 0 1 1 0 0 0 1 1 0 0 0 0 0 1 1 0 0 0 0 8 1 40 1 40 1 40 1 40 1 40 
0 97 1 269.656 270.141 -0.994697 0.102848 0.736029 0.67695 1 000000000000000000000000 000000000000000000111111 3 0 1 1 0 0 0 1 1 0 0 0 0 0 1 1 0 0 0 0 8 1 40 1 40 1 40 1 40 
0 98 1 272.152 276.316 -0.707793 -0.70642 -0.760962 0.648797 1 000000000000000000000000 000000000000000000111111 3 0 1 1 0 0 0 1 1 0 0 0 0 0 1 1 0 0 0 0 8 1 40 1 40 1 40 1 40 1 40 
0 99 1 271.855 286.867 -0.564001 -0.825774 0.99841 -0.0563619 1 000000000000000000000000 000000000000000000111111 3 0 1 1 0 0 0 1 1 0 0 0 0 0 1 1 0 0 0 0 8 1 40 1 40 
0 100 1 279.06 213.12 0.592231 0.805768 0.222891 0.974843 1 000000000000000000000000 000000000000000000111111 3 0 1 1 0 0 0 1 1 0 0 0 0 0 1 1 0 0 0 0 8 1 40 1 40 
1000 1 1 213.059 180.035 -0.234338 -0.972155 0.371496 -0.928435 1001 000000000000000000000000 000000000000000000111111 3 0 1 1 0 0 0 1 1 0 0 0 0 0 1 1 0 0 0 0 8 
1000 2 1 196.012 179.988 0.73471 -0.678382 0.997564 -0.0697597 1001 000000000000000000000000 000000000000000000111111 3 0 1 1 0 0 0 1 1 0 0 0 0 0 1 1 0 0 0 0 8 
1000 3 1 179.854 222.037 -0.884956 -0.465674 0.998306 -0.0581791 1001 000000000000000000000000 000000000000000000111111 3 0 1 1 0 0 0 1 1 0 0 0 0 0 1 1 0 0 0 0 8 
1000 4 1 167.872 209.453 -0.44804 0.894013 0.399089 -0.916912 1001 000000000000000000000000 000000000000000000111111 3 0 1 1 0 0 0 1 1 0 0 0 0 0 1 1 0 0 0 0 8 
1000 5 1 173.925 233.6 -0.998549 0.0538433 0.731702 0.681625 1001 000000000000000000000000 000000000000000000111111 3 0 1 1 0 0 0 1 1 0 0 0 0 0 1 1 0 0 0 0 8 
1000 6 1 172.598 259.759 -0.629524 0.776981 0.500278 0.865865 1001 000000000000000000000000 000000000000000000111111 3 0 1 1 0 0 0 1 1 0 0 0 0 0 1 1 0 0 0 0 8 1 40 1 40 
1000 7 1 148.944 245.133 -0.987485 0.157715 -0.83697 -0.547249 1001 000000000000000000000000 000000000000000000111111 3 0 1 1 0 0 0 1 1 0 0 0 0 0 1 1 0 0 0 0 8 
1000 8 1 179.464 270.869 0.468503 0.883462 0.657612 0.753357 1001 000000000000000000000000 000000000000000000111111 3 0 1 1 0 0 0 1 1 0 0 0 0 0 1 1 0 0 0 0 8 1 40 
1000 9 1 149.621 276.46 0.110174 0.993912 0.519384 0.854541 1001 000000000000000000000000 000000000000000000111111 3 0 1 1 0 0 0 1 1 0 0 0 0 0 1 1 0 0 0 0 8 
1000 10 1 166.871 272.435 0.991542 0.129786 -0.103175 0.994663 1001 000000000000000000000000 000000000000000000111111 3 0 1 1 0 0 0 1 1 0 0 0 0 0 1 1 0 0 0 0 8 1 40 1 40 
1000 11 1 203.341 299.529 0.635241 0.772314 -0.998512 0.0545358 1001 000000000000000000000000 000000000000000000111111 3 0 1 1 0 0 0 1 1 0 0 0 0 0 1 1 0 0 0 0 8 1 40 
1000 12 1 236.824 198.059 -0.956411 -0.292023 -0.555978 -0.831197 1001 000000000000000000000000 000000000000000000111111 3 0 1 1 0 0 0 1 1 0 0 0 0 0 1 1 0 0 0 0 8 
1000 13 1 180.744 207.128 -0.562161 0.827028 -0.743028 0.669261 1001 000000000000000000000000 000000000000000000111111 3 0 1 1 0 0 0 1 1 0 0 0 0 0 1 1 0 0 0 0 8 
1000 14 1 224.964 212.253 -0.0652117 -0.997871 -0.109504 0.993986 1001 000000000000000000000000 000000000000000000111111 3 0 1 1 0 0 0 1 1 0 0 0 0 0 1 1 0 0 0 0 8 1 40 
1000 15 1 203.293 203.683 0.940301 -0.340345 0.489702 0.87189 1001 000000000000000000000000 000000000000000000111111 3 0 1 1 0 0 0 1 1 0 0 0 0 0 1 1 0 0 0 0 8 1 40 1 40 
1000 16 1 213.361 221.904 0.997385 0.0722743 -0.87368 -0.486501 1001 000000000000000000000000 000000000000000000111111 3 0 1 1 0 0 0 1 1 0 0 0 0 0 1 1 0 0 0 0 8 1 40 1 40 
1000 17 1 202.463 234.037 -0.207029 -0.978335 0.867428 0.497562 1001 000000000000000000000000 000000000000000000111111 3 0 1 1 0 0 0 1 1 0 0 0 0 0 1 1 0 0 0 0 8 1 40 1 40 
1000 18 1 191.317 242.963 -0.774179 -0.632967 0.665077 -0.746775 1001 000000000000000000000000 000000000000000000111111 3 0 1 1 0 0 0 1 1 0 0 0 0 0 1 1 0 0 0 0 8 1 40 
1000 19 1 188.295 256.603 0.812409 0.583087 -0.752739 -0.658319 1001 000000000000000000000000 000000000000000000111111 3 0 1 1 0 0 0 1 1 0 0 0 0 0 1 1 0 0 0 0 8 1 40 1 40 
1000 20 1 203.506 266.843 -0.824131 -0.566399 0.989275 -0.146063 1001 000000000000000000000000 000000000000000000111111 3 0 1 1 0 0 0 1 1 0 0 0 0 0 1 1 0 0 0 0 8 1 40 
1000 21 1 190.189 285.133 0.999441 -0.0334417 -0.522911 -0.852387 1001 000000000000000000000000 000000000000000000111111 3 0 1 1 0 0 0 1 1 0 0 0 0 0 1 1 0 0 0 0 8 1 40 1 40 
1000 22 1 212.524 326.585 0.791617 -0.611017 0.00306559 0.999995 1001 000000000000000000000000 000000000000000000111111 3 0 1 1 0 0 0 1 1 0 0 0 0 0 1 1 0 0 0 0 8 
1000 23 1 214.759 163.916 0.390594 -0.920563 0.961886 0.27345 1001 000000000000000000000000 000000000000000000111111 3 0 1 1 0 0 0 1 1 0 0 0 0 0 1 1 0 0 0 0 8 
1000 24 1 194.678 199.138 0.688578 0.725162 -0.859171 0.511688 1001 000000000000000000000000 000000000000000000111111 3 0 1 1 0 0 0 1 1 0 0 0 0 0 1 1 0 0 0 0 8 1 40 
1000 25 1 212.4 208.488 -0.913028 0.407896 -0.823758 0.566942 1001 000000000000000000000000 000000000000000000111111 3 0 1 1 0 0 0 1 1 0 0 0 0 0 1 1 0 0 0 0 8 1 40 1 40 
1000 26 1 201.812 221.247 0.306937 0.95173 -0.64427 0.764798 1001 000000000000000000000000 000000000000000000111111 3 0 1 1 0 0 0 1 1 0 0 0 0 0 1 1 0 0 0 0 8 1 40 1 40 
1000 27 1 238.787 212.125 0.999972 0.00748109 0.72554 0.68818 1001 000000000000000000000000 000000000000000000111111 3 0 1 1 0 0 0 1 1 0 0 0 0 0 1 1 0 0 0 0 8 1 40 
1000 28 1 212.176 236.929 0.809807 0.586697 -0.442668 -0.896686 1001 000000000000000000000000 000000000000000000111111 3 0 1 1 0 0 0 1 1 0 0 0 0 0 1 1 0 0 0 0 8 1 40 1 40 
1000 29 1 199.779 252.43 -0.394122 -0.919058 -0.799458 -0.600722 1001 000000000000000000000000 000000000000000000111111 3 0 1 1 0 0 0 1 1 0 0 0 0 0 1 1 0 0 0 0 8 1 40 
1000 30 1 195.412 276.706 -0.143794 0.989608 -0.324132 -0.946012 1001 000000000000000000000000 000000000000000000111111 3 0 1 1 0 0 0 1 1 0 0 0 0 0 1 1 0 0 0 0 8 1 40 1 40 1 40 
1000 31 1 206.607 287.225 -0.1058 0.994387 0.188087 0.982152 1001 000000000000000000000000 000000000000000000111111 3 0 1 1 0 0 0 1 1 0 0 0 0 0 1 1 0 0 0 0 8 1 40 1 40 
1000 32 1 232.32 293.387 0.979584 0.201034 -0.884735 0.466094 1001 000000000000000000000000 000000000000000000111111 3 0 1 1 0 0 0 1 1 0 0 0 0 0 1 1 0 0 0 0 8 1 40 1 40 1 40 
1000 33 1 195.268 315.012 -0.56782 -0.823153 0.991859 0.127341 1001 000000000000000000000000 000000000000000000111111 3 0 1 1 0 0 0 1 1 0 0 0 0 0 1 1 0 0 0 0 8 
1000 34 1 243.069 187.529 -0.757834 -0.652447 -0.970061 -0.24286 1001 000000000000000000000000 000000000000000000111111 3 0 1 1 0 0 0 1 1 0 0 0 0 0 1 1 0 0 0 0 8 1 40 
1000 35 1 221.863 198.375 -0.592447 -0.80561 -0.997054 -0.0766965 1001 000000000000000000000000 000000000000000000111111 3 0 1 1 0 0 0 1 1 0 0 0 0 0 1 1 0 0 0 0 8 
1000 36 1 228.523 223.558 0.428957 -0.903325 -0.752577 0.658505 1001 000000000000000000000000 000000000000000000111111 3 0 1 1 0 0 0 1 1 0 0 0 0 0 1 1 0 0 0 0 8 1 40 
1000 37 1 239.874 253.805 -0.984497 -0.175399 -0.0486415 0.998816 1001 000000000000000000000000 000000000000000000111111 3 0 1 1 0 0 0 1 1 0 0 0 0 0 1 1 0 0 0 0 8 1 40 
1000 38 1 222.952 237.217 -0.244347 0.969688 -0.235307 0.971921 1001 000000000000000000000000 000000000000000000111111 3 0 1 1 0 0 0 1 1 0 0 0 0 0 1 1 0 0 0 0 8 1 40 
1000 39 1 227.012 253.863 0.536404 0.843961 0.545183 -0.838317 1001 000000000000000000000000 000000000000000000111111 3 0 1 1 0 0 0 1 1 0 0 0 0 0 1 1 0 0 0 0 8 1 40 
1000 40 1 213.631 248.619 -0.0394052 -0.999223 -0.720328 0.693634 1001 000000000000000000000000 000000000000000000111111 3 0 1 1 0 0 0 1 1 0 0 0 0 0 1 1 0 0 0 0 8 1 40 
1000 41 1 247.524 270.268 0.938024 -0.346571 -0.129744 0.991548 1001 000000000000000000000000 000000000000000000111111 3 0 1 1 0 0 0 1 1 0 0 0 0 0 1 1 0 0 0 0 8 1 40 1 40 1 40 
1000 42 1 217.575 261.299 -0.92353 -0.383527 0.533474 -0.845816 1001 000000000000000000000000 000000000000000000111111 3 0 1 1 0 0 0 1 1 0 0 0 0 0 1 1 0 0 0 0 8 1 40 1 40 
1000 43 1 250.329 302.683 0.94975 0.31301 0.472522 0.881319 1001 000000000000000000000000 000000000000000000111111 3 0 1 1 0 0 0 1 1 0 0 0 0 0 1 1 0 0 0 0 8 1 40 1 40 1 40 
1000 44 1 220.596 300.944 0.975802 0.218655 0.477634 -0.878559 1001 000000000000000000000000 000000000000000000111111 3 0 1 1 0 0 0 1 1 0 0 0 0 0 1 1 0 0 0 0 8 
1000 45 1 236.115 170.667 -0.13708 -0.99056 0.836222 0.548392 1001 000000000000000000000000 000000000000000000111111 3 0 1 1 0 0 0 1 1 0 0 0 0 0 1 1 0 0 0 0 8 
1000 46 1 251.719 206.404 0.884304 0.466912 0.859855 -0.510539 1001 000000000000000000000000 000000000000000000111111 3 0 1 1 0 0 0 1 1 0 0 0 0 0 1 1 0 0 0 0 8 1 40 
1000 47 1 254.165 214.929 -0.904249 0.427006 0.871783 -0.489893 1001 000000000000000000000000 000000000000000000111111 3 0 1 1 0 0 0 1 1 0 0 0 0 0 1 1 0 0 0 0 8 1 40 1 40 1 40 
1000 48 1 236.571 231.833 0.855489 0.517821 0.845713 0.533638 1001 000000000000000000000000 000000000000000000111111 3 0 1 1 0 0 0 1 1 0 0 0 0 0 1 1 0 0 0 0 8 1 40 1 40 
1000 49 1 243.84 236.975 -0.794866 -0.606785 -0.918382 0.395694 1001 000000000000000000000000 000000000000000000111111 3 0 1 1 0 0 0 1 1 0 0 0 0 0 1 1 0 0 0 0 8 1 40 1 40 1 40 
1000 50 1 235.023 265.616 -0.786279 0.617872 0.262394 -0.964961 1001 000000000000000000000000 000000000000000000111111 3 0 1 1 0 0 0 1 1 0 0 0 0 0 1 1 0 0 0 0 8 
1000 51 1 233.247 280.235 0.468275 0.883583 0.563322 -0.826237 1001 000000000000000000000000 000000000000000000111111 3 0 1 1 0 0 0 1 1 0 0 0 0 0 1 1 0 0 0 0 8 1 40 1 40 
1000 52 1 220.262 276.452 -0.772166 -0.635421 -0.579083 0.815269 1001 000000000000000000000000 000000000000000000111111 3 0 1 1 0 0 0 1 1 0 0 0 0 0 1 1 0 0 0 0 8 
1000 53 1 243.06 282.274 -0.266898 -0.963725 0.449884 0.893087 1001 000000000000000000000000 000000000000000000111111 3 0 1 1 0 0 0 1 1 0 0 0 0 0 1 1 0 0 0 0 8 1 40 1 40 1 40 
1000 54 1 241.153 316.329 0.850299 -0.5263 0.984849 0.173415 1001 000000000000000000000000 000000000000000000111111 3 0 1 1 0 0 0 1 1 0 0 0 0 0 1 1 0 0 0 0 8 1 40 
1000 55 1 237.88 303.012 0.992221 -0.124491 -0.882133 0.471001 1001 000000000000000000000000 000000000000000000111111 3 0 1 1 0 0 0 1 1 0 0 0 0 0 1 1 0 0 0 0 8 1 40 1 40 1 40 
1000 56 1 254.841 188.976 -0.376901 0.926253 0.549542 0.835466 1001 000000000000000000000000 000000000000000000111111 3 0 1 1 0 0 0 1 1 0 0 0 0 0 1 1 0 0 0 0 8 1 40 
1000 57 1 264.812 208.725 -0.866014 -0.50002 0.660278 -0.751021 1001 000000000000000000000000 000000000000000000111111 3 0 1 1 0 0 0 1 1 0 0 0 0 0 1 1 0 0 0 0 8 1 40 1 40 1 40 
1000 58 1 252.225 224.238 0.133376 -0.991066 0.537775 0.843088 1001 000000000000000000000000 000000000000000000111111 3 0 1 1 0 0 0 1 1 0 0 0 0 0 1 1 0 0 0 0 8 1 40 1 40 1 40 
1000 59 1 249.026 246.962 0.988342 -0.152253 0.818996 0.573799 1001 000000000000000000000000 000000000000000000111111 3 0 1 1 0 0 0 1 1 0 0 0 0 0 1 1 0 0 0 0 8 1 40 1 40 1 40 
1000 60 1 277.729 235.894 0.789835 -0.61332 -0.419391 -0.907806 1001 000000000000000000000000 000000000000000000111111 3 0 1 1 0 0 0 1 1 0 0 0 0 0 1 1 0 0 0 0 8 1 40 
1000 61 1 259.381 245.857 -0.640129 -0.768268 0.999997 -0.00242522 1001 000000000000000000000000 000000000000000000111111 3 0 1 1 0 0 0 1 1 0 0 0 0 0 1 1 0 0 0 0 8 1 40 1 40 1 40 
1000 62 1 252.405 259.036 0.99829 0.058459 0.411108 -0.911587 1001 000000000000000000000000 000000000000000000111111 3 0 1 1 0 0 0 1 1 0 0 0 0 0 1 1 0 0 0 0 8 1 40 1 40 1 40 
1000 63 1 261.727 266.932 0.782212 0.623013 0.861824 0.507207 1001 000000000000000000000000 000000000000000000111111 3 0 1 1 0 0 0 1 1 0 0 0 0 0 1 1 0 0 0 0 8 1 40 1 40 
1000 64 1 257.11 277.512 0.371936 0.928258 -0.818514 0.574486 1001 000000000000000000000000 000000000000000000111111 3 0 1 1 0 0 0 1 1 0 0 0 0 0 1 1 0 0 0 0 8 1 40 1 40 
1000 65 1 261.071 299.643 0.889475 0.456984 -0.621972 -0.78304 1001 000000000000000000000000 000000000000000000111111 3 0 1 1 0 0 0 1 1 0 0 0 0 0 1 1 0 0 0 0 8 1 40 1 40 1 40 
1000 66 1 240.674 333.91 0.31291 0.949783 -0.824228 -0.566257 1001 000000000000000000000000 000000000000000000111111 3 0 1 1 0 0 0 1 1 0 0 0 0 0 1 1 0 0 0 0 8 
1000 67 1 266.716 195.346 0.953197 -0.30235 0.962703 0.270561 1001 000000000000000000000000 000000000000000000111111 3 0 1 1 0 0 0 1 1 0 0 0 0 0 1 1 0 0 0 0 8 1 40 1 40 
1000 68 1 273.434 204.747 -0.999436 0.0335812 -0.659356 -0.751831 1001 000000000000000000000000 000000000000000000111111 3 0 1 1 0 0 0 1 1 0 0 0 0 0 1 1 0 0 0 0 8 1 40 1 40 1 40 
1000 69 1 283.61 208.634 0.992556 -0.121791 0.883426 0.46857 1001 000000000000000000000000 000000000000000000111111 3 0 1 1 0 0 0 1 1 0 0 0 0 0 1 1 0 0 0 0 8 1 40 1 40 
1000 70 1 260.238 232.19 -0.00414119 -0.999991 0.0635638 -0.997978 1001 000000000000000000000000 000000000000000000111111 3 0 1 1 0 0 0 1 1 0 0 0 0 0 1 1 0 0 0 0 8 1 40 1 40 1 40 1 40 
1000 71 1 291.127 231.557 0.997819 0.0660153 -0.749666 -0.661817 1001 000000000000000000000000 000000000000000000111111 3 0 1 1 0 0 0 1 1 0 0 0 0 0 1 1 0 0 0 0 8 1 40 
1000 72 1 280.315 223.859 0.992528 -0.122018 -0.850493 -0.525986 1001 000000000000000000000000 000000000000000000111111 3 0 1 1 0 0 0 1 1 0 0 0 0 0 1 1 0 0 0 0 8 1 40 1 40 
1000 73 1 268.273 261.023 -0.32085 -0.94713 0.952519 0.304481 1001 000000000000000000000000 000000000000000000111111 3 0 1 1 0 0 0 1 1 0 0 0 0 0 1 1 0 0 0 0 8 1 40 1 40 
1000 74 1 277.084 276.699 0.99425 -0.107088 0.869633 0.493698 1001 000000000000000000000000 000000000000000000111111 3 0 1 1 0 0 0 1 1 0 0 0 0 0 1 1 0 0 0 0 8 1 40 
1000 75 1 259.07 287.547 0.998618 -0.0525484 0.932373 -0.361497 1001 000000000000000000000000 000000000000000000111111 3 0 1 1 0 0 0 1 1 0 0 0 0 0 1 1 0 0 0 0 8 1 40 1 40 
1000 76 1 263.361 310.602 0.986589 0.163223 -0.686624 0.727013 1001 000000000000000000000000 000000000000000000111111 3 0 1 1 0 0 0 1 1 0 0 0 0 0 1 1 0 0 0 0 8 1 40 1 40 
1000 77 1 251.831 315.169 0.0468236 -0.998903 0.871799 0.489863 1001 000000000000000000000000 000000000000000000111111 3 0 1 1 0 0 0 1 1 0 0 0 0 0 1 1 0 0 0 0 8 1 40 1 40 
1000 78 1 266.4 182.456 -0.288842 -0.957377 -0.594043 0.804433 1001 000000000000000000000000 000000000000000000111111 3 0 1 1 0 0 0 1 1 0 0 0 0 0 1 1 0 0 0 0 8 1 40 
1000 79 1 292.035 208.894 0.616235 0.787562 0.427343 0.90409 1001 000000000000000000000000 000000000000000000111111 3 0 1 1 0 0 0 1 1 0 0 0 0 0 1 1 0 0 0 0 8 1 40 1 40 
1000 80 1 307.776 218 0.632492 -0.774567 -0.963782 -0.26669 1001 000000000000000000000000 000000000000000000111111 3 0 1 1 0 0 0 1 1 0 0 0 0 0 1 1 0 0 0 0 8 1 40 1 40 1 40 
1000 81 1 267.732 222.463 0.523156 -0.852237 -0.876942 -0.480596 1001 000000000000000000000000 000000000000000000111111 3 0 1 1 0 0 0 1 1 0 0 0 0 0 1 1 0 0 0 0 8 1 40 1 40 
1000 82 1 290.778 248.679 0.887601 -0.460614 0.573215 0.819405 1001 000000000000000000000000 000000000000000000111111 3 0 1 1 0 0 0 1 1 0 0 0 0 0 1 1 0 0 0 0 8 1 40 
1000 83 1 269.94 250 -0.873848 0.4862 0.938451 -0.345413 1001 000000000000000000000000 000000000000000000111111 3 0 1 1 0 0 0 1 1 0 0 0 0 0 1 1 0 0 0 0 8 1 40 1 40 
1000 84 1 280.723 258.47 0.56421 -0.825632 0.0519148 0.998652 1001 000000000000000000000000 000000000000000000111111 3 0 1 1 0 0 0 1 1 0 0 0 0 0 1 1 0 0 0 0 8 
1000 85 1 288.482 289.108 0.987063 0.160335 -0.987197 0.159504 1001 000000000000000000000000 000000000000000000111111 3 0 1 1 0 0 0 1 1 0 0 0 0 0 1 1 0 0 0 0 8 
1000 86 1 271.736 285.897 0.973757 -0.227588 0.244021 -0.96977 1001 000000000000000000000000 000000000000000000111111 3 0 1 1 0 0 0 1 1 0 0 0 0 0 1 1 0 0 0 0 8 1 40 1 40 
1000 87 1 271.753 297.221 0.999194 -0.0401398 0.460892 0.887456 1001 000000000000000000000000 000000000000000000111111 3 0 1 1 0 0 0 1 1 0 0 0 0 0 1 1 0 0 0 0 8 1 40 1 40 
1000 88 1 276.458 316.711 -0.777485 -0.628901 0.796104 0.60516 1001 000000000000000000000000 000000000000000000111111 3 0 1 1 0 0 0 1 1 0 0 0 0 0 1 1 0 0 0 0 8 1 40 
1000 89 1 310.835 199.576 -0.390026 0.920804 -0.819094 0.573659 1001 000000000000000000000000 000000000000000000111111 3 0 1 1 0 0 0 1 1 0 0 0 0 0 1 1 0 0 0 0 8 
1000 90 1 296.683 190.963 -0.620647 -0.78409 0.787383 0.616465 1001 000000000000000000000000 000000000000000000111111 3 0 1 1 0 0 0 1 1 0 0 0 0 0 1 1 0 0 0 0 8 
1000 91 1 301.233 229.337 0.777421 0.628981 0.995757 -0.0920172 1001 000000000000000000000000 000000000000000000111111 3 0 1 1 0 0 0 1 1 0 0 0 0 0 1 1 0 0 0 0 8 1 40 
1000 92 1 320.728 220.975 0.34285 -0.93939 0.948683 -0.316228 1001 000000000000000000000000 000000000000000000111111 3 0 1 1 0 0 0 1 1 0 0 0 0 0 1 1 0 0 0 0 8 1 40 
1000 93 1 319.892 240.169 0.845624 0.533779 0.561359 -0.827572 1001 000000000000000000000000 000000000000000000111111 3 0 1 1 0 0 0 1 1 0 0 0 0 0 1 1 0 0 0 0 8 
1000 94 1 296.663 255.477 0.804373 -0.594125 -0.121457 -0.992597 1001 000000000000000000000000 000000000000000000111111 3 0 1 1 0 0 0 1 1 0 0 0 0 0 1 1 0 0 0 0 8 1 40 1 40 1 40 
1000 95 1 302.723 270.506 0.943187 0.332263 -0.5586 0.829437 1001 000000000000000000000000 000000000000000000111111 3 0 1 1 0 0 0 1 1 0 0 0 0 0 1 1 0 0 0 0 8 1 40 1 40 
1000 96 1 308.85 256.875 -0.911451 0.411408 -0.849146 0.528158 1001 000000000000000000000000 000000000000000000111111 3 0 1 1 0 0 0 1 1 0 0 0 0 0 1 1 0 0 0 0 8 1 40 
1000 97 1 292.247 266.894 0.999147 -0.0412928 -0.42786 -0.903845 1001 000000000000000000000000 000000000000000000111111 3 0 1 1 0 0 0 1 1 0 0 0 0 0 1 1 0 0 0 0 8 1 40 1 40 1 40 
1000 98 1 303.366 287.28 0.513468 -0.858109 -0.82137 0.570396 1001 000000000000000000000000 000000000000000000111111 3 0 1 1 0 0 0 1 1 0 0 0 0 0 1 1 0 0 0 0 8 
1000 99 1 294.707 279.366 0.897479 -0.441058 0.176214 -0.984352 1001 000000000000000000000000 000000000000000000111111 3 0 1 1 0 0 0 1 1 0 0 0 0 0 1 1 0 0 0 0 8 1 40 1 40 
1000 100 1 285.071 178.035 -0.929896 0.367822 0.326003 0.945369 1001 000000000000000000000000 000000000000000000111111 3 0 1 1 0 0 0 1 1 0 0 0 0 0 1 1 0 0 0 0 8 
