0 1 1 213.604 212.729 -0.999982 0.00594608 0.392347 -0.919817 1 100110101011000110001110 001111000100011101110001 3 0 1 1 0 0 0 1 1 0 0 0 0 0 1 1 0 0 0 0 14 1 16 1 16 1 16 
0 2 1 213.04 220.08 -0.848814 0.528691 -0.967075 -0.254493 1 100110101011000110001110 001111000100011101110001 3 0 1 1 0 0 0 1 1 0 0 0 0 0 1 1 0 0 0 0 14 1 16 1 16 1 16 1 16 
0 3 1 212.22 226.9 0.941667 -0.336546 -0.565528 -0.824729 1 100110101011000110001110 001111000100011101110001 3 0 1 1 0 0 0 1 1 0 0 0 0 0 1 1 0 0 0 0 14 1 16 1 16 1 16 
0 4 1 212.875 233.646 0.745726 0.666253 0.89558 -0.444901 1 100110101011000110001110 001111000100011101110001 3 0 1 1 0 0 0 1 1 0 0 0 0 0 1 1 0 0 0 0 14 1 16 1 16 1 16 1 16 1 16 
0 5 1 211.74 240.48 0.942875 0.333147 -0.952926 -0.303204 1 100110101011000110001110 001111000100011101110001 3 0 1 1 0 0 0 1 1 0 0 0 0 0 1 1 0 0 0 0 14 1 16 1 16 1 16 
0 6 1 213.143 247.061 -0.949569 -0.313558 -0.737399 0.675457 1 100110101011000110001110 001111000100011101110001 3 0 1 1 0 0 0 1 1 0 0 0 0 0 1 1 0 0 0 0 14 1 16 1 16 1 16 1 16 
0 7 1 213.51 254.608 0.0361035 0.999348 -0.61319 -0.789935 1 100110101011000110001110 001111000100011101110001 3 0 1 1 0 0 0 1 1 0 0 0 0 0 1 1 0 0 0 0 14 1 16 1 16 1 16 1 16 1 16 
0 8 1 213.878 261.918 0.094645 0.995511 0.18277 0.983156 1 100110101011000110001110 001111000100011101110001 3 0 1 1 0 0 0 1 1 0 0 0 0 0 1 1 0 0 0 0 14 1 16 1 16 1 16 1 16 1 16 
0 9 1 212.688 269.188 0.934964 0.354742 -0.999973 0.00729908 1 100110101011000110001110 001111000100011101110001 3 0 1 1 0 0 0 1 1 0 0 0 0 0 1 1 0 0 0 0 14 1 16 1 16 1 16 
0 10 1 212.64 276.48 -0.998664 -0.0516718 0.0456666 -0.998957 1 100110101011000110001110 001111000100011101110001 3 0 1 1 0 0 0 1 1 0 0 0 0 0 1 1 0 0 0 0 14 1 16 1 16 1 16 1 16 
0 11 1 212.735 283.694 0.822306 -0.569046 0.756363 -0.654152 1 100110101011000110001110 001111000100011101110001 3 0 1 1 0 0 0 1 1 0 0 0 0 0 1 1 0 0 0 0 14 1 16 1 16 1 16 
0 12 1 220.021 211.894 -0.664335 0.747435 -0.225941 -0.974141 1 100110101011000110001110 001111000100011101110001 3 0 1 1 0 0 0 1 1 0 0 0 0 0 1 1 0 0 0 0 14 1 16 1 16 1 16 
0 13 1 219.46 219.66 0.308517 0.951219 -0.398726 -0.91707 1 100110101011000110001110 001111000100011101110001 3 0 1 1 0 0 0 1 1 0 0 0 0 0 1 1 0 0 0 1 16 1 16 1 16 1 16 1 16 1 16 1 16 
0 14 1 219.72 227.76 -0.959779 -0.280756 0.510202 0.860055 1 100110101011000110001110 001111000100011101110001 3 0 1 1 0 0 0 1 1 0 0 0 0 0 1 1 0 0 0 0 14 1 16 1 16 1 16 1 16 1 16 1 16 1 16 1 16 
0 15 1 219.979 234.521 0.750812 0.660516 0.977802 0.209529 1 100110101011000110001110 001111000100011101110001 3 0 1 1 0 0 0 1 1 0 0 0 0 0 1 1 0 0 0 0 14 1 16 1 16 1 16 1 16 1 16 
0 16 1 219.061 240.918 -0.616286 -0.787522 -0.927429 0.373998 1 100110101011000110001110 001111000100011101110001 3 0 1 1 0 0 0 1 1 0 0 0 0 0 1 1 0 0 0 1 16 1 16 1 16 1 16 1 16 1 16 1 16 
0 17 1 220.154 248.096 -0.611984 0.79087 -0.484444 0.874822 1 100110101011000110001110 001111000100011101110001 3 0 1 1 0 0 0 1 1 0 0 0 0 0 1 1 0 0 0 0 14 1 16 1 16 1 16 1 16 1 16 1 16 1 16 
0 18 1 220.347 255.265 -0.874211 -0.485546 -0.975507 0.219967 1 100110101011000110001110 001111000100011101110001 3 0 1 1 0 0 0 1 1 0 0 0 0 0 1 1 0 0 0 0 14 1 16 1 16 1 16 1 16 1 16 1 16 
0 19 1 220.667 262.458 0.662828 -0.748772 0.874893 -0.484316 1 100110101011000110001110 001111000100011101110001 3 0 1 1 0 0 0 1 1 0 0 0 0 0 1 1 0 0 0 1 16 1 16 1 16 1 16 1 16 1 16 
0 20 1 219.333 269.542 0.279423 0.960168 -0.624041 -0.781392 1 100110101011000110001110 001111000100011101110001 3 0 1 1 0 0 0 1 1 0 0 0 0 0 1 1 0 0 0 1 16 1 16 1 16 1 16 1 16 1 16 
0 21 1 219.48 276.52 -0.304567 -0.952491 -0.89028 -0.455413 1 100110101011000110001110 001111000100011101110001 3 0 1 1 0 0 0 1 1 0 0 0 0 0 1 1 0 0 0 1 16 1 16 1 16 1 16 1 16 1 16 
0 22 1 220.122 282.49 0.993012 -0.118015 0.696865 -0.717203 1 100110101011000110001110 001111000100011101110001 3 0 1 1 0 0 0 1 1 0 0 0 0 0 1 1 0 0 0 0 14 1 16 1 16 1 16 1 16 
0 23 1 226.765 213.098 -0.168972 0.985621 0.927635 -0.373488 1 100110101011000110001110 001111000100011101110001 3 0 1 1 0 0 0 1 1 0 0 0 0 0 1 1 0 0 0 0 14 1 16 1 16 1 16 1 16 
0 24 1 226.857 220.082 -0.908823 0.417182 -0.177917 0.984046 1 100110101011000110001110 001111000100011101110001 3 0 1 1 0 0 0 1 1 0 0 0 0 0 1 1 0 0 0 1 16 1 16 1 16 1 16 1 16 1 16 1 16 
0 25 1 226.458 226.292 0.33005 -0.943963 0.468716 0.883349 1 100110101011000110001110 001111000100011101110001 3 0 1 1 0 0 0 1 1 0 0 0 0 0 1 1 0 0 0 1 16 1 16 1 16 1 16 1 16 
0 26 1 227.16 233.58 -0.945766 0.324849 0.984736 -0.174057 1 100110101011000110001110 001111000100011101110001 3 0 1 1 0 0 0 1 1 0 0 0 0 0 1 1 0 0 0 0 14 1 16 1 16 1 16 1 16 1 16 1 16 1 16 
0 27 1 227.5 241.327 0.373121 -0.927783 0.736901 0.676 1 100110101011000110001110 001111000100011101110001 3 0 1 1 0 0 0 1 1 0 0 0 0 0 1 1 0 0 0 1 16 1 16 1 16 1 16 1 16 1 16 1 16 
0 28 1 226.451 247.569 0.663008 0.748612 -0.460049 0.887894 1 100110101011000110001110 001111000100011101110001 3 0 1 1 0 0 0 1 1 0 0 0 0 0 1 1 0 0 0 0 14 1 16 1 16 1 16 1 16 1 16 
0 29 1 227.408 254.959 -0.910105 0.414379 -0.934381 -0.356275 1 100110101011000110001110 001111000100011101110001 3 0 1 1 0 0 0 1 1 0 0 0 0 0 1 1 0 0 0 0 14 1 16 1 16 1 16 1 16 1 16 1 16 1 16 
0 30 1 226.979 262.426 -0.766831 0.641849 -0.92529 0.379261 1 100110101011000110001110 001111000100011101110001 3 0 1 1 0 0 0 1 1 0 0 0 0 0 1 1 0 0 0 1 16 1 16 1 16 1 16 1 16 1 16 1 16 
0 31 1 226.577 269.788 0.629402 -0.77708 0.884614 0.466324 1 100110101011000110001110 001111000100011101110001 3 0 1 1 0 0 0 1 1 0 0 0 0 0 1 1 0 0 0 1 16 1 16 1 16 1 16 1 16 1 16 1 16 
0 32 1 227.327 277.204 0.634 0.773333 0.658399 0.752669 1 100110101011000110001110 001111000100011101110001 3 0 1 1 0 0 0 1 1 0 0 0 0 0 1 1 0 0 0 1 16 1 16 1 16 1 16 1 16 1 16 
0 33 1 227.654 284.154 0.448229 -0.893919 -0.428237 0.903667 1 100110101011000110001110 001111000100011101110001 3 0 1 1 0 0 0 1 1 0 0 0 0 0 1 1 0 0 0 0 14 1 16 1 16 1 16 
0 34 1 233.878 212.633 0.905108 -0.425181 0.953662 -0.300879 1 100110101011000110001110 001111000100011101110001 3 0 1 1 0 0 0 1 1 0 0 0 0 0 1 1 0 0 0 0 14 1 16 1 16 1 16 1 16 1 16 
0 35 1 234.312 219.688 0.767078 0.641554 -0.99232 -0.123696 1 100110101011000110001110 001111000100011101110001 3 0 1 1 0 0 0 1 1 0 0 0 0 0 1 1 0 0 0 1 16 1 16 1 16 1 16 1 16 
0 36 1 233.314 226.667 -0.907433 0.420196 -0.947181 0.320699 1 100110101011000110001110 001111000100011101110001 3 0 1 1 0 0 0 1 1 0 0 0 0 0 1 1 0 0 0 1 16 1 16 1 16 1 16 1 16 1 16 
0 37 1 234.569 233.922 -0.987432 -0.158044 0.155493 -0.987837 1 100110101011000110001110 001111000100011101110001 3 0 1 1 0 0 0 1 1 0 0 0 0 0 1 1 0 0 0 1 16 1 16 1 16 1 16 1 16 1 16 
0 38 1 233.467 240.556 0.996598 0.0824197 0.866402 0.499347 1 100110101011000110001110 001111000100011101110001 3 0 1 1 0 0 0 1 1 0 0 0 0 0 1 1 0 0 0 1 16 1 16 1 16 1 16 1 16 1 16 
0 39 1 233.776 248.286 -0.142513 0.989793 -0.383254 -0.923643 1 100110101011000110001110 001111000100011101110001 3 0 1 1 0 0 0 1 1 0 0 0 0 0 1 1 0 0 0 1 16 1 16 1 16 1 16 1 16 1 16 
0 40 1 234.571 255.184 -0.326402 -0.945231 0.938748 0.344604 1 100110101011000110001110 001111000100011101110001 3 0 1 1 0 0 0 1 1 0 0 0 0 0 1 1 0 0 0 1 16 1 16 1 16 1 16 1 16 1 16 1 16 
0 41 1 233.633 262.143 0.721168 -0.692761 -0.908269 0.418386 1 100110101011000110001110 001111000100011101110001 3 0 1 1 0 0 0 1 1 0 0 0 0 0 1 1 0 0 0 1 16 1 16 1 16 1 16 1 16 1 16 
0 42 1 234.46 268.5 -0.35641 -0.93433 -0.597481 0.801883 1 100110101011000110001110 001111000100011101110001 3 0 1 1 0 0 0 1 1 0 0 0 0 0 1 1 0 0 0 1 16 1 16 1 16 1 16 1 16 
0 43 1 233.367 274.796 -0.121273 0.992619 0.973175 0.230065 1 100110101011000110001110 001111000100011101110001 3 0 1 1 0 0 0 1 1 0 0 0 0 0 1 1 0 0 0 1 16 1 16 1 16 1 16 1 16 1 16 
0 44 1 234.673 282.163 -0.373214 0.927745 0.467706 0.883884 1 100110101011000110001110 001111000100011101110001 3 0 1 1 0 0 0 1 1 0 0 0 0 0 1 1 0 0 0 0 14 1 16 1 16 1 16 1 16 1 16 
0 45 1 240.854 212.083 -0.908644 0.417571 -0.970006 0.24308 1 100110101011000110001110 001111000100011101110001 3 0 1 1 0 0 0 1 1 0 0 0 0 0 1 1 0 0 0 0 14 1 16 1 16 1 16 
0 46 1 240.58 218.88 -0.00376441 -0.999993 0.15441 -0.988007 1 100110101011000110001110 001111000100011101110001 3 0 1 1 0 0 0 1 1 0 0 0 0 0 1 1 0 0 0 1 16 1 16 1 16 1 16 1 16 1 16 
0 47 1 241.082 225.551 -0.627475 0.778637 -0.910516 0.413473 1 100110101011000110001110 001111000100011101110001 3 0 1 1 0 0 0 1 1 0 0 0 0 0 1 1 0 0 0 1 16 1 16 1 16 1 16 1 16 1 16 1 16 
0 48 1 240.824 232.725 -0.670564 0.741852 -0.132321 0.991207 1 100110101011000110001110 001111000100011101110001 3 0 1 1 0 0 0 1 1 0 0 0 0 0 1 1 0 0 0 1 16 1 16 1 16 1 16 1 16 
0 49 1 240.531 240.653 0.973939 -0.226809 -0.998394 0.0566465 1 100110101011000110001110 001111000100011101110001 3 0 1 1 0 0 0 1 1 0 0 0 0 0 1 1 0 0 0 1 16 1 16 1 16 1 16 1 16 1 16 
0 50 1 240.898 247.449 0.050828 0.998707 0.424907 0.905237 1 100110101011000110001110 001111000100011101110001 3 0 1 1 0 0 0 1 1 0 0 0 0 0 1 1 0 0 0 1 16 1 16 1 16 1 16 1 16 1 16 1 16 1 16 
0 51 1 241.312 254.312 0.529923 0.848046 0.387242 -0.921978 1 100110101011000110001110 001111000100011101110001 3 0 1 1 0 0 0 1 1 0 0 0 0 0 1 1 0 0 0 1 16 1 16 1 16 1 16 1 16 
0 52 1 240.958 260.812 -0.361846 -0.932238 0.957502 0.288428 1 100110101011000110001110 001111000100011101110001 3 0 1 1 0 0 0 1 1 0 0 0 0 0 1 1 0 0 0 1 16 1 16 1 16 1 16 1 16 1 16 1 16 
0 53 1 241.286 268.796 0.464063 0.885802 0.995008 0.0997987 1 100110101011000110001110 001111000100011101110001 3 0 1 1 0 0 0 1 1 0 0 0 0 0 1 1 0 0 0 1 16 1 16 1 16 1 16 1 16 1 16 1 16 
0 54 1 240.667 276.146 -0.138928 0.990303 -0.255154 -0.9669 1 100110101011000110001110 001111000100011101110001 3 0 1 1 0 0 0 1 1 0 0 0 0 0 1 1 0 0 0 1 16 1 16 1 16 1 16 1 16 1 16 
0 55 1 241.275 282.961 -0.99524 -0.0974586 0.991451 0.130482 1 100110101011000110001110 001111000100011101110001 3 0 1 1 0 0 0 1 1 0 0 0 0 0 1 1 0 0 0 0 14 1 16 1 16 1 16 1 16 
0 56 1 247.14 212.98 -0.929831 0.367986 0.882811 0.469729 1 100110101011000110001110 001111000100011101110001 3 0 1 1 0 0 0 1 1 0 0 0 0 0 1 1 0 0 0 0 14 1 16 1 16 1 16 1 16 
0 57 1 248.412 219.706 -0.97687 -0.213836 0.994743 -0.1024 1 100110101011000110001110 001111000100011101110001 3 0 1 1 0 0 0 1 1 0 0 0 0 0 1 1 0 0 0 1 16 1 16 1 16 1 16 1 16 1 16 1 16 
0 58 1 247.714 228.102 0.468154 -0.883647 0.242536 -0.970143 1 100110101011000110001110 001111000100011101110001 3 0 1 1 0 0 0 1 1 0 0 0 0 0 1 1 0 0 0 1 16 1 16 1 16 1 16 1 16 1 16 
0 59 1 247.426 234.723 0.604901 0.7963 0.321435 -0.946931 1 100110101011000110001110 001111000100011101110001 3 0 1 1 0 0 0 1 1 0 0 0 0 0 1 1 0 0 0 1 16 1 16 1 16 1 16 1 16 1 16 
0 60 1 247.942 241.058 0.498627 -0.866817 0.628829 0.777543 1 100110101011000110001110 001111000100011101110001 3 0 1 1 0 0 0 1 1 0 0 0 0 0 1 1 0 0 0 1 16 1 16 1 16 1 16 1 16 1 16 
0 61 1 247.765 248.157 0.960688 -0.277629 -0.978859 -0.204538 1 100110101011000110001110 001111000100011101110001 3 0 1 1 0 0 0 1 1 0 0 0 0 0 1 1 0 0 0 1 16 1 16 1 16 1 16 1 16 
0 62 1 248.48 255.34 -0.0411197 -0.999154 -0.841654 0.540017 1 100110101011000110001110 001111000100011101110001 3 0 1 1 0 0 0 1 1 0 0 0 0 0 1 1 0 0 0 1 16 1 16 1 16 1 16 1 16 1 16 1 16 1 16 
0 63 1 249 261.82 -0.996726 -0.0808528 0.889709 -0.456527 1 100110101011000110001110 001111000100011101110001 3 0 1 1 0 0 0 1 1 0 0 0 0 0 1 1 0 0 0 0 14 1 16 1 16 1 16 1 16 1 16 1 16 
0 64 1 247.255 267.961 -0.630577 -0.776127 -0.91235 -0.409412 1 100110101011000110001110 001111000100011101110001 3 0 1 1 0 0 0 1 1 0 0 0 0 0 1 1 0 0 0 0 14 1 16 1 16 1 16 1 16 1 16 1 16 
0 65 1 247.84 276.1 0.639318 -0.768942 0.643192 -0.765705 1 100110101011000110001110 001111000100011101110001 3 0 1 1 0 0 0 1 1 0 0 0 0 0 1 1 0 0 0 1 16 1 16 1 16 1 16 1 16 1 16 1 16 
0 66 1 248.192 283.423 0.763541 -0.645759 -0.059624 0.998221 1 100110101011000110001110 001111000100011101110001 3 0 1 1 0 0 0 1 1 0 0 0 0 0 1 1 0 0 0 0 14 1 16 1 16 1 16 1 16 
0 67 1 255.4 213.14 0.72435 -0.689433 -0.488517 -0.872554 1 100110101011000110001110 001111000100011101110001 3 0 1 1 0 0 0 1 1 0 0 0 0 0 1 1 0 0 0 0 14 1 16 1 16 1 16 1 16 1 16 
0 68 1 255.6 220.16 -0.863841 0.503765 -0.114115 0.993468 1 100110101011000110001110 001111000100011101110001 3 0 1 1 0 0 0 1 1 0 0 0 0 0 1 1 0 0 0 1 16 1 16 1 16 1 16 1 16 1 16 
0 69 1 254.06 227.04 -0.769057 0.63918 -0.20601 -0.97855 1 100110101011000110001110 001111000100011101110001 3 0 1 1 0 0 0 1 1 0 0 0 0 0 1 1 0 0 0 1 16 1 16 1 16 1 16 1 16 1 16 
0 70 1 255.48 233.86 -0.92589 -0.377794 -0.989059 -0.147521 1 100110101011000110001110 001111000100011101110001 3 0 1 1 0 0 0 1 1 0 0 0 0 0 1 1 0 0 0 1 16 1 16 1 16 1 16 1 16 1 16 
0 71 1 255.176 240.647 -0.999065 0.0432356 0.926369 0.376618 1 100110101011000110001110 001111000100011101110001 3 0 1 1 0 0 0 1 1 0 0 0 0 0 1 1 0 0 0 1 16 1 16 1 16 1 16 1 16 1 16 
0 72 1 255.082 247.408 0.451932 -0.892052 0.033681 0.999433 1 100110101011000110001110 001111000100011101110001 3 0 1 1 0 0 0 1 1 0 0 0 0 0 1 1 0 0 0 1 16 1 16 1 16 1 16 1 16 1 16 
0 73 1 255.667 253.706 0.197821 -0.980238 0.776987 -0.629517 1 100110101011000110001110 001111000100011101110001 3 0 1 1 0 0 0 1 1 0 0 0 0 0 1 1 0 0 0 1 16 1 16 1 16 1 16 1 16 1 16 
0 74 1 256.16 261.78 -0.29845 -0.954425 0.500229 -0.865893 1 100110101011000110001110 001111000100011101110001 3 0 1 1 0 0 0 1 1 0 0 0 0 0 1 1 0 0 0 0 14 1 16 1 16 1 16 1 16 1 16 1 16 1 16 
0 75 1 253.417 269.833 0.938502 -0.345273 0.949434 0.313966 1 100110101011000110001110 001111000100011101110001 3 0 1 1 0 0 0 1 1 0 0 0 0 0 1 1 0 0 0 0 14 1 16 1 16 1 16 1 16 1 16 1 16 1 16 
0 76 1 255.08 276.32 -0.769505 -0.638641 -0.805596 -0.592465 1 100110101011000110001110 001111000100011101110001 3 0 1 1 0 0 0 1 1 0 0 0 0 0 1 1 0 0 0 1 16 1 16 1 16 1 16 1 16 1 16 
0 77 1 256 283.327 0.996618 0.0821761 -0.28198 -0.95942 1 100110101011000110001110 001111000100011101110001 3 0 1 1 0 0 0 1 1 0 0 0 0 0 1 1 0 0 0 0 14 1 16 1 16 1 16 1 16 
0 78 1 262.78 212.38 0.969239 -0.246122 0.81095 0.585116 1 100110101011000110001110 001111000100011101110001 3 0 1 1 0 0 0 1 1 0 0 0 0 0 1 1 0 0 0 0 14 1 16 1 16 1 16 1 16 1 16 
0 79 1 262.143 220.265 -0.242414 0.970173 0.150851 -0.988556 1 100110101011000110001110 001111000100011101110001 3 0 1 1 0 0 0 1 1 0 0 0 0 0 1 1 0 0 0 1 16 1 16 1 16 1 16 1 16 1 16 1 16 
0 80 1 261.633 226.735 0.648463 -0.761246 -0.228768 0.973481 1 100110101011000110001110 001111000100011101110001 3 0 1 1 0 0 0 1 1 0 0 0 0 0 1 1 0 0 0 1 16 1 16 1 16 1 16 1 16 
0 81 1 262.292 233.333 0.666389 -0.745604 0.910703 -0.413062 1 100110101011000110001110 001111000100011101110001 3 0 1 1 0 0 0 1 1 0 0 0 0 0 1 1 0 0 0 1 16 1 16 1 16 1 16 1 16 1 16 1 16 
0 82 1 262.367 240.429 -0.839018 0.544103 0.389113 -0.92119 1 100110101011000110001110 001111000100011101110001 3 0 1 1 0 0 0 1 1 0 0 0 0 0 1 1 0 0 0 1 16 1 16 1 16 1 16 1 16 1 16 1 16 
0 83 1 262.706 247.922 0.663913 -0.74781 0.907959 0.419058 1 100110101011000110001110 001111000100011101110001 3 0 1 1 0 0 0 1 1 0 0 0 0 0 1 1 0 0 0 1 16 1 16 1 16 1 16 1 16 1 16 1 16 
0 84 1 262.14 255.7 0.256882 0.966443 -0.708594 0.705617 1 100110101011000110001110 001111000100011101110001 3 0 1 1 0 0 0 1 1 0 0 0 0 0 1 1 0 0 0 1 16 1 16 1 16 1 16 1 16 1 16 
0 85 1 263.146 262.083 0.980127 -0.198373 0.81524 -0.579123 1 100110101011000110001110 001111000100011101110001 3 0 1 1 0 0 0 1 1 0 0 0 0 0 1 1 0 0 0 1 16 1 16 1 16 1 16 1 16 
0 86 1 261.48 268.82 -0.070673 0.9975 -0.162244 -0.986751 1 100110101011000110001110 001111000100011101110001 3 0 1 1 0 0 0 1 1 0 0 0 0 0 1 1 0 0 0 1 16 1 16 1 16 1 16 1 16 1 16 
0 87 1 261.68 274.96 -0.989464 -0.14478 0.379642 0.925134 1 100110101011000110001110 001111000100011101110001 3 0 1 1 0 0 0 1 1 0 0 0 0 0 1 1 0 0 0 1 16 1 16 1 16 1 16 1 16 1 16 1 16 
0 88 1 262.647 282.451 0.511141 0.859497 0.965644 -0.25987 1 100110101011000110001110 001111000100011101110001 3 0 1 1 0 0 0 1 1 0 0 0 0 0 1 1 0 0 0 0 14 1 16 1 16 1 16 1 16 
0 89 1 268.959 213.224 -0.618516 0.785772 0.994978 0.100098 1 100110101011000110001110 001111000100011101110001 3 0 1 1 0 0 0 1 1 0 0 0 0 0 1 1 0 0 0 0 14 1 16 1 16 1 16 1 16 
0 90 1 268.812 219.875 0.726959 0.68668 0.987679 -0.156491 1 100110101011000110001110 001111000100011101110001 3 0 1 1 0 0 0 1 1 0 0 0 0 0 1 1 0 0 0 0 14 1 16 1 16 1 16 1 16 
0 91 1 269.208 227 -0.853345 0.521347 0.112077 0.9937 1 100110101011000110001110 001111000100011101110001 3 0 1 1 0 0 0 1 1 0 0 0 0 0 1 1 0 0 0 0 14 1 16 1 16 1 16 1 16 1 16 
0 92 1 269.413 233.957 -0.528259 -0.849083 -0.864403 0.5028 1 100110101011000110001110 001111000100011101110001 3 0 1 1 0 0 0 1 1 0 0 0 0 0 1 1 0 0 0 0 14 1 16 1 16 1 16 1 16 
0 93 1 269.837 240.082 -0.837912 0.545806 0.54604 -0.837759 1 100110101011000110001110 001111000100011101110001 3 0 1 1 0 0 0 1 1 0 0 0 0 0 1 1 0 0 0 0 14 1 16 1 16 1 16 1 16 
0 94 1 269.157 246.882 -0.69218 -0.721725 -0.358389 -0.933572 1 100110101011000110001110 001111000100011101110001 3 0 1 1 0 0 0 1 1 0 0 0 0 0 1 1 0 0 0 0 14 1 16 1 16 1 16 1 16 
0 95 1 269.396 253.646 0.075849 0.997119 -0.900883 0.434062 1 100110101011000110001110 001111000100011101110001 3 0 1 1 0 0 0 1 1 0 0 0 0 0 1 1 0 0 0 0 14 1 16 1 16 1 16 1 16 
0 96 1 269.898 261.224 -0.0677284 -0.997704 -0.839193 -0.543834 1 100110101011000110001110 001111000100011101110001 3 0 1 1 0 0 0 1 1 0 0 0 0 0 1 1 0 0 0 0 14 1 16 1 16 1 16 1 16 
0 97 1 269.204 268.51 0.627795 -0.778378 0.994346 -0.106184 1 100110101011000110001110 001111000100011101110001 3 0 1 1 0 0 0 1 1 0 0 0 0 0 1 1 0 0 0 0 14 1 16 1 16 1 16 1 16 1 16 
0 98 1 269.196 275.686 0.704567 -0.709638 -0.413192 0.910644 1 100110101011000110001110 001111000100011101110001 3 0 1 1 0 0 0 1 1 0 0 0 0 0 1 1 0 0 0 0 14 1 16 1 16 1 16 1 16 
0 99 1 268.776 282.735 -0.805693 0.592333 0.701855 0.71232 1 100110101011000110001110 001111000100011101110001 3 0 1 1 0 0 0 1 1 0 0 0 0 0 1 1 0 0 0 0 14 1 16 1 16 
0 100 1 275.796 212.755 -0.636079 0.771624 0.895414 -0.445234 1 100110101011000110001110 001111000100011101110001 3 0 1 1 0 0 0 1 1 0 0 0 0 0 1 1 0 0 0 0 14 1 16 
