0 1 1 210.905 210.473 -0.281758 -0.959486 0.641191 -0.767381 1 000000000000000000000000 000000000000000000000001 3 0 1 1 0 0 0 1 1 0 0 0 0 0 1 1 0 0 0 0 8 1 50 1 50 
0 2 1 209.929 219.614 0.15228 -0.988337 -0.964404 0.264433 1 000000000000000000000000 000000000000000000000001 3 0 1 1 0 0 0 1 1 0 0 0 0 0 1 1 0 0 0 0 8 1 50 1 50 1 50 1 50 
0 3 1 209.972 227.042 0.802218 -0.597031 0.852416 -0.522864 1 000000000000000000000000 000000000000000000000001 3 0 1 1 0 0 0 1 1 0 0 0 0 0 1 1 0 0 0 0 8 1 50 1 50 1 50 1 50 
0 4 1 207.56 233.373 -0.0746861 0.997207 -0.18233 0.983237 1 000000000000000000000000 000000000000000000000001 3 0 1 1 0 0 0 1 1 0 0 0 0 0 1 1 0 0 0 0 8 1 50 1 50 1 50 1 50 
0 5 1 210.09 240.821 0.0181469 0.999835 -0.990748 -0.135712 1 000000000000000000000000 000000000000000000000001 3 0 1 1 0 0 0 1 1 0 0 0 0 0 1 1 0 0 0 0 8 1 50 1 50 1 50 1 50 
0 6 1 209.507 247.817 0.947629 -0.319373 0.811482 -0.584377 1 000000000000000000000000 000000000000000000000001 3 0 1 1 0 0 0 1 1 0 0 0 0 0 1 1 0 0 0 0 8 1 50 1 50 1 50 1 50 
0 7 1 209.294 255.368 -0.42159 -0.906787 -0.894427 0.447214 1 000000000000000000000000 000000000000000000000001 3 0 1 1 0 0 0 1 1 0 0 0 0 0 1 1 0 0 0 0 8 1 50 1 50 1 50 
0 8 1 208.915 262.563 -0.919051 0.394138 -0.963196 0.268799 1 000000000000000000000000 000000000000000000000001 3 0 1 1 0 0 0 1 1 0 0 0 0 0 1 1 0 0 0 0 8 1 50 1 50 1 50 1 50 
0 9 1 210.145 270.145 0.289176 -0.957276 0.940959 -0.338521 1 000000000000000000000000 000000000000000000000001 3 0 1 1 0 0 0 1 1 0 0 0 0 0 1 1 0 0 0 0 8 1 50 1 50 1 50 1 50 1 50 
0 10 1 208.549 276.803 0.997958 -0.063876 -0.8332 -0.552972 1 000000000000000000000000 000000000000000000000001 3 0 1 1 0 0 0 1 1 0 0 0 0 0 1 1 0 0 0 0 8 1 50 1 50 1 50 
0 11 1 211.333 285.093 -0.147971 0.988992 0.376903 0.926253 1 000000000000000000000000 000000000000000000000001 3 0 1 1 0 0 0 1 1 0 0 0 0 0 1 1 0 0 0 0 8 1 50 1 50 1 50 
0 12 1 219.333 209.159 0.825307 -0.564684 -0.619909 0.784673 1 000000000000000000000000 000000000000000000000001 3 0 1 1 0 0 0 1 1 0 0 0 0 0 1 1 0 0 0 0 8 1 50 1 50 1 50 
0 13 1 219.422 218.375 -0.643883 -0.765124 0.333985 0.942579 1 000000000000000000000000 000000000000000000000001 3 0 1 1 0 0 0 1 1 0 0 0 0 0 1 1 0 0 0 0 8 1 50 1 50 1 50 1 50 1 50 1 50 
0 14 1 218.066 226.213 -0.628642 0.777695 0.733761 0.679408 1 000000000000000000000000 000000000000000000000001 3 0 1 1 0 0 0 1 1 0 0 0 0 0 1 1 0 0 0 1 50 1 50 1 50 1 50 1 50 
0 15 1 218.898 233.068 0.732359 0.680919 0.998154 -0.0607333 1 000000000000000000000000 000000000000000000000001 3 0 1 1 0 0 0 1 1 0 0 0 0 0 1 1 0 0 0 1 50 1 50 1 50 1 50 1 50 1 50 1 50 
0 16 1 218.15 239.733 0.696626 0.717434 0.450833 0.892608 1 000000000000000000000000 000000000000000000000001 3 0 1 1 0 0 0 1 1 0 0 0 0 0 1 1 0 0 0 1 50 1 50 1 50 1 50 1 50 
0 17 1 219.05 247.633 -0.775961 0.630781 0.504968 0.863138 1 000000000000000000000000 000000000000000000000001 3 0 1 1 0 0 0 1 1 0 0 0 0 0 1 1 0 0 0 1 50 1 50 1 50 1 50 1 50 1 50 1 50 
0 18 1 217.78 254.864 -0.188083 0.982153 -0.999974 0.00719877 1 000000000000000000000000 000000000000000000000001 3 0 1 1 0 0 0 1 1 0 0 0 0 0 1 1 0 0 0 0 8 1 50 1 50 1 50 1 50 1 50 1 50 1 50 
0 19 1 218.397 262.483 -0.393365 0.919382 0.451452 -0.892296 1 000000000000000000000000 000000000000000000000001 3 0 1 1 0 0 0 1 1 0 0 0 0 0 1 1 0 0 0 1 50 1 50 1 50 1 50 1 50 1 50 
0 20 1 219.123 269.105 0.169357 0.985555 -0.659458 -0.751741 1 000000000000000000000000 000000000000000000000001 3 0 1 1 0 0 0 1 1 0 0 0 0 0 1 1 0 0 0 1 50 1 50 1 50 1 50 1 50 
0 21 1 219.508 277.077 0.324115 0.946018 -0.686975 -0.726681 1 000000000000000000000000 000000000000000000000001 3 0 1 1 0 0 0 1 1 0 0 0 0 0 1 1 0 0 0 1 50 1 50 1 50 1 50 1 50 1 50 1 50 
0 22 1 218.676 284.689 0.991343 0.131297 -0.999896 -0.0144216 1 000000000000000000000000 000000000000000000000001 3 0 1 1 0 0 0 1 1 0 0 0 0 0 1 1 0 0 0 0 8 1 50 1 50 1 50 
0 23 1 226.221 210.779 0.886382 -0.462955 0.414717 0.909951 1 000000000000000000000000 000000000000000000000001 3 0 1 1 0 0 0 1 1 0 0 0 0 0 1 1 0 0 0 0 8 1 50 1 50 1 50 1 50 
0 24 1 226.656 218.984 -0.303628 -0.952791 0.810908 -0.585174 1 000000000000000000000000 000000000000000000000001 3 0 1 1 0 0 0 1 1 0 0 0 0 0 1 1 0 0 0 1 50 1 50 1 50 1 50 1 50 
0 25 1 226.632 226.807 -0.652428 0.757851 0.873595 -0.486653 1 000000000000000000000000 000000000000000000000001 3 0 1 1 0 0 0 1 1 0 0 0 0 0 1 1 0 0 0 1 50 1 50 1 50 1 50 1 50 1 50 1 50 1 50 
0 26 1 226.808 234.346 0.958891 -0.283774 -0.808459 -0.588552 1 000000000000000000000000 000000000000000000000001 3 0 1 1 0 0 0 1 1 0 0 0 0 0 1 1 0 0 0 1 50 1 50 1 50 1 50 1 50 1 50 
0 27 1 225.804 241.255 -0.999133 -0.0416257 -0.962334 0.27187 1 000000000000000000000000 000000000000000000000001 3 0 1 1 0 0 0 1 1 0 0 0 0 0 1 1 0 0 0 1 50 1 50 1 50 1 50 1 50 1 50 
0 28 1 227.148 247.648 -0.254802 0.966993 -0.789092 0.614275 1 000000000000000000000000 000000000000000000000001 3 0 1 1 0 0 0 1 1 0 0 0 0 0 1 1 0 0 0 1 50 1 50 1 50 1 50 1 50 
0 29 1 226.442 254.519 0.271605 0.962409 -0.999351 -0.0360127 1 000000000000000000000000 000000000000000000000001 3 0 1 1 0 0 0 1 1 0 0 0 0 0 1 1 0 0 0 1 50 1 50 1 50 1 50 1 50 1 50 1 50 
0 30 1 226.286 261.446 -0.350592 -0.936528 0.611108 -0.791547 1 000000000000000000000000 000000000000000000000001 3 0 1 1 0 0 0 1 1 0 0 0 0 0 1 1 0 0 0 1 50 1 50 1 50 1 50 1 50 
0 31 1 225.843 268.686 0.843855 0.536572 -0.466741 -0.884394 1 000000000000000000000000 000000000000000000000001 3 0 1 1 0 0 0 1 1 0 0 0 0 0 1 1 0 0 0 1 50 1 50 1 50 1 50 1 50 1 50 
0 32 1 226.937 276.825 0.330496 -0.943807 -0.773957 0.633238 1 000000000000000000000000 000000000000000000000001 3 0 1 1 0 0 0 1 1 0 0 0 0 0 1 1 0 0 0 1 50 1 50 1 50 1 50 1 50 1 50 1 50 
0 33 1 226.431 287.653 0.955543 -0.294851 0.481401 0.8765 1 000000000000000000000000 000000000000000000000001 3 0 1 1 0 0 0 1 1 0 0 0 0 0 1 1 0 0 0 0 8 1 50 1 50 1 50 1 50 
0 34 1 234.4 210.262 0.0198552 -0.999803 0.125641 0.992076 1 000000000000000000000000 000000000000000000000001 3 0 1 1 0 0 0 1 1 0 0 0 0 0 1 1 0 0 0 0 8 1 50 1 50 1 50 1 50 1 50 
0 35 1 233.607 219.696 -0.511688 -0.859171 -0.910628 -0.413228 1 000000000000000000000000 000000000000000000000001 3 0 1 1 0 0 0 1 1 0 0 0 0 0 1 1 0 0 0 1 50 1 50 1 50 1 50 1 50 1 50 
0 36 1 234.04 227.22 -0.00319722 -0.999995 -0.710299 0.7039 1 000000000000000000000000 000000000000000000000001 3 0 1 1 0 0 0 1 1 0 0 0 0 0 1 1 0 0 0 1 50 1 50 1 50 1 50 1 50 1 50 
0 37 1 233.923 234.365 -0.32307 0.946375 0.842824 -0.538189 1 000000000000000000000000 000000000000000000000001 3 0 1 1 0 0 0 1 1 0 0 0 0 0 1 1 0 0 0 1 50 1 50 1 50 1 50 1 50 1 50 
0 38 1 233.765 241.118 -0.89027 -0.455433 -0.489571 0.871963 1 000000000000000000000000 000000000000000000000001 3 0 1 1 0 0 0 1 1 0 0 0 0 0 1 1 0 0 0 1 50 1 50 1 50 1 50 1 50 1 50 1 50 
0 39 1 234.122 248.265 0.123217 0.99238 -0.995342 0.0964038 1 000000000000000000000000 000000000000000000000001 3 0 1 1 0 0 0 1 1 0 0 0 0 0 1 1 0 0 0 1 50 1 50 1 50 1 50 1 50 1 50 
0 40 1 234.292 255.292 -0.203739 -0.979025 0.0902551 0.995919 1 000000000000000000000000 000000000000000000000001 3 0 1 1 0 0 0 1 1 0 0 0 0 0 1 1 0 0 0 1 50 1 50 1 50 1 50 1 50 1 50 
0 41 1 233.057 262.132 -0.626072 -0.779765 -0.441103 -0.897457 1 000000000000000000000000 000000000000000000000001 3 0 1 1 0 0 0 1 1 0 0 0 0 0 1 1 0 0 0 1 50 1 50 1 50 1 50 1 50 1 50 1 50 
0 42 1 233.148 269.963 0.243205 -0.969975 -0.0355894 -0.999366 1 000000000000000000000000 000000000000000000000001 3 0 1 1 0 0 0 1 1 0 0 0 0 0 1 1 0 0 0 1 50 1 50 1 50 1 50 1 50 
0 43 1 234.518 276.768 -0.918261 -0.395976 -0.9977 0.0677857 1 000000000000000000000000 000000000000000000000001 3 0 1 1 0 0 0 1 1 0 0 0 0 0 1 1 0 0 0 1 50 1 50 1 50 1 50 1 50 1 50 
0 44 1 233.574 285.706 -0.236286 0.971683 0.0899017 0.995951 1 000000000000000000000000 000000000000000000000001 3 0 1 1 0 0 0 1 1 0 0 0 0 0 1 1 0 0 0 0 8 1 50 1 50 1 50 1 50 
0 45 1 241.493 208.928 -0.0936216 0.995608 0.0403485 -0.999186 1 000000000000000000000000 000000000000000000000001 3 0 1 1 0 0 0 1 1 0 0 0 0 0 1 1 0 0 0 0 8 1 50 1 50 1 50 
0 46 1 240.25 218.367 -0.84258 0.538571 0.468554 0.883435 1 000000000000000000000000 000000000000000000000001 3 0 1 1 0 0 0 1 1 0 0 0 0 0 1 1 0 0 0 1 50 1 50 1 50 1 50 1 50 1 50 
0 47 1 240.571 226.592 -0.485237 0.874383 -0.330388 0.943845 1 000000000000000000000000 000000000000000000000001 3 0 1 1 0 0 0 1 1 0 0 0 0 0 1 1 0 0 0 1 50 1 50 1 50 1 50 1 50 1 50 
0 48 1 241.235 233.725 0.403414 -0.915018 -0.991156 -0.1327 1 000000000000000000000000 000000000000000000000001 3 0 1 1 0 0 0 1 1 0 0 0 0 0 1 1 0 0 0 1 50 1 50 1 50 1 50 1 50 1 50 1 50 
0 49 1 241.36 241.04 -0.996811 0.0798044 -0.496139 -0.868243 1 000000000000000000000000 000000000000000000000001 3 0 1 1 0 0 0 1 1 0 0 0 0 0 1 1 0 0 0 1 50 1 50 1 50 1 50 1 50 1 50 1 50 
0 50 1 240.78 248.04 -0.0705139 -0.997511 -0.247531 -0.96888 1 000000000000000000000000 000000000000000000000001 3 0 1 1 0 0 0 1 1 0 0 0 0 0 1 1 0 0 0 1 50 1 50 1 50 1 50 1 50 1 50 1 50 
0 51 1 241.077 255.327 0.811073 -0.584945 0.834173 0.551503 1 000000000000000000000000 000000000000000000000001 3 0 1 1 0 0 0 1 1 0 0 0 0 0 1 1 0 0 0 1 50 1 50 1 50 1 50 1 50 1 50 1 50 
0 52 1 240.827 262.673 -0.932425 0.361363 0.418455 0.908238 1 000000000000000000000000 000000000000000000000001 3 0 1 1 0 0 0 1 1 0 0 0 0 0 1 1 0 0 0 1 50 1 50 1 50 1 50 1 50 1 50 
0 53 1 240.538 269.635 -0.436178 -0.89986 -0.691098 0.722761 1 000000000000000000000000 000000000000000000000001 3 0 1 1 0 0 0 1 1 0 0 0 0 0 1 1 0 0 0 1 50 1 50 1 50 1 50 1 50 1 50 1 50 
0 54 1 242.105 277.93 -0.984687 -0.174329 -0.167415 0.985887 1 000000000000000000000000 000000000000000000000001 3 0 1 1 0 0 0 1 1 0 0 0 0 0 1 1 0 0 0 1 50 1 50 1 50 1 50 1 50 
0 55 1 240.588 285.5 0.14193 -0.989877 0.787681 0.616083 1 000000000000000000000000 000000000000000000000001 3 0 1 1 0 0 0 1 1 0 0 0 0 0 1 1 0 0 0 0 8 1 50 1 50 1 50 1 50 
0 56 1 248.164 211.806 -0.146698 -0.989181 -0.999216 0.0395968 1 000000000000000000000000 000000000000000000000001 3 0 1 1 0 0 0 1 1 0 0 0 0 0 1 1 0 0 0 0 8 1 50 1 50 1 50 1 50 1 50 
0 57 1 247.643 220.375 -0.883325 -0.468762 -0.95581 -0.293984 1 000000000000000000000000 000000000000000000000001 3 0 1 1 0 0 0 1 1 0 0 0 0 0 1 1 0 0 0 1 50 1 50 1 50 1 50 1 50 1 50 
0 58 1 248.143 226.694 0.943214 -0.332185 0.986213 -0.165481 1 000000000000000000000000 000000000000000000000001 3 0 1 1 0 0 0 1 1 0 0 0 0 0 1 1 0 0 0 1 50 1 50 1 50 1 50 1 50 
0 59 1 248.154 233.385 0.914479 0.404633 0.171127 -0.985249 1 000000000000000000000000 000000000000000000000001 3 0 1 1 0 0 0 1 1 0 0 0 0 0 1 1 0 0 0 1 50 1 50 1 50 1 50 1 50 1 50 
0 60 1 248.373 240.431 -0.685616 0.727963 0.985914 -0.167253 1 000000000000000000000000 000000000000000000000001 3 0 1 1 0 0 0 1 1 0 0 0 0 0 1 1 0 0 0 1 50 1 50 1 50 1 50 1 50 1 50 
0 61 1 248.308 247.596 0.204601 -0.978845 -0.00473928 -0.999989 1 000000000000000000000000 000000000000000000000001 3 0 1 1 0 0 0 1 1 0 0 0 0 0 1 1 0 0 0 1 50 1 50 1 50 1 50 1 50 1 50 1 50 
0 62 1 248.56 254.58 -0.499784 -0.86615 -0.244007 0.969773 1 000000000000000000000000 000000000000000000000001 3 0 1 1 0 0 0 1 1 0 0 0 0 0 1 1 0 0 0 1 50 1 50 1 50 1 50 1 50 1 50 1 50 
0 63 1 247.429 261.51 0.972956 0.230991 -0.48267 0.875802 1 000000000000000000000000 000000000000000000000001 3 0 1 1 0 0 0 1 1 0 0 0 0 0 1 1 0 0 0 1 50 1 50 1 50 1 50 1 50 
0 64 1 248.111 268.463 -0.86364 0.504109 -0.955932 -0.293587 1 000000000000000000000000 000000000000000000000001 3 0 1 1 0 0 0 1 1 0 0 0 0 0 1 1 0 0 0 1 50 1 50 1 50 1 50 1 50 1 50 
0 65 1 248.333 276.228 -0.961637 0.274324 -0.780573 0.625064 1 000000000000000000000000 000000000000000000000001 3 0 1 1 0 0 0 1 1 0 0 0 0 0 1 1 0 0 0 1 50 1 50 1 50 1 50 1 50 1 50 
0 66 1 247.378 286.757 -0.163704 0.98651 -0.206536 0.978439 1 000000000000000000000000 000000000000000000000001 3 0 1 1 0 0 0 1 1 0 0 0 0 0 1 1 0 0 0 0 8 1 50 1 50 1 50 1 50 1 50 
0 67 1 255.426 210.853 0.678372 0.734719 0.768685 0.639627 1 000000000000000000000000 000000000000000000000001 3 0 1 1 0 0 0 1 1 0 0 0 0 0 1 1 0 0 0 0 8 1 50 1 50 1 50 1 50 
0 68 1 255.241 219.138 0.80017 0.599773 -0.922981 -0.384846 1 000000000000000000000000 000000000000000000000001 3 0 1 1 0 0 0 1 1 0 0 0 0 0 1 1 0 0 0 1 50 1 50 1 50 1 50 1 50 
0 69 1 255.982 226.375 0.0127413 0.999919 -0.703571 -0.710625 1 000000000000000000000000 000000000000000000000001 3 0 1 1 0 0 0 1 1 0 0 0 0 0 1 1 0 0 0 1 50 1 50 1 50 1 50 1 50 1 50 1 50 
0 70 1 255.37 233.981 -0.345856 0.938288 0.354448 -0.935076 1 000000000000000000000000 000000000000000000000001 3 0 1 1 0 0 0 1 1 0 0 0 0 0 1 1 0 0 0 1 50 1 50 1 50 1 50 1 50 1 50 1 50 
0 71 1 255.549 241.608 0.787005 -0.616947 0.982073 0.188502 1 000000000000000000000000 000000000000000000000001 3 0 1 1 0 0 0 1 1 0 0 0 0 0 1 1 0 0 0 1 50 1 50 1 50 1 50 1 50 1 50 
0 72 1 255.685 248.444 0.919421 -0.393274 0.955237 0.295842 1 000000000000000000000000 000000000000000000000001 3 0 1 1 0 0 0 1 1 0 0 0 0 0 1 1 0 0 0 1 50 1 50 1 50 1 50 1 50 1 50 
0 73 1 256.404 255.154 0.362529 0.931973 0.891222 0.453568 1 000000000000000000000000 000000000000000000000001 3 0 1 1 0 0 0 1 1 0 0 0 0 0 1 1 0 0 0 1 50 1 50 1 50 1 50 1 50 1 50 
0 74 1 254.538 261.481 0.825547 -0.564333 0.207231 0.978292 1 000000000000000000000000 000000000000000000000001 3 0 1 1 0 0 0 1 1 0 0 0 0 0 1 1 0 0 0 1 50 1 50 1 50 1 50 1 50 1 50 
0 75 1 255.281 269.895 -0.997471 -0.0710772 0.214366 -0.976754 1 000000000000000000000000 000000000000000000000001 3 0 1 1 0 0 0 1 1 0 0 0 0 0 1 1 0 0 0 1 50 1 50 1 50 1 50 1 50 1 50 1 50 
0 76 1 255.534 277.845 0.992505 0.122201 0.586666 0.809829 1 000000000000000000000000 000000000000000000000001 3 0 1 1 0 0 0 1 1 0 0 0 0 0 1 1 0 0 0 1 50 1 50 1 50 1 50 1 50 1 50 
0 77 1 255.101 286.536 0.191927 0.981409 0.432405 -0.90168 1 000000000000000000000000 000000000000000000000001 3 0 1 1 0 0 0 1 1 0 0 0 0 0 1 1 0 0 0 0 8 1 50 1 50 1 50 
0 78 1 261.099 207.606 0.999711 0.0240488 -0.696008 -0.718034 1 000000000000000000000000 000000000000000000000001 3 0 1 1 0 0 0 1 1 0 0 0 0 0 1 1 0 0 0 0 8 1 50 1 50 1 50 
0 79 1 262.727 218.227 -0.771153 -0.636649 -0.589208 0.807981 1 000000000000000000000000 000000000000000000000001 3 0 1 1 0 0 0 1 1 0 0 0 0 0 1 1 0 0 0 0 8 1 50 1 50 1 50 1 50 1 50 1 50 1 50 
0 80 1 262.885 227.18 -0.337571 -0.9413 -0.429057 0.903278 1 000000000000000000000000 000000000000000000000001 3 0 1 1 0 0 0 1 1 0 0 0 0 0 1 1 0 0 0 1 50 1 50 1 50 1 50 1 50 1 50 
0 81 1 264.662 233.938 0.0613816 -0.998114 0.68753 -0.726156 1 000000000000000000000000 000000000000000000000001 3 0 1 1 0 0 0 1 1 0 0 0 0 0 1 1 0 0 0 1 50 1 50 1 50 1 50 1 50 1 50 
0 82 1 262.885 240.808 -0.51856 -0.855041 0.668246 0.74394 1 000000000000000000000000 000000000000000000000001 3 0 1 1 0 0 0 1 1 0 0 0 0 0 1 1 0 0 0 1 50 1 50 1 50 1 50 1 50 1 50 
0 83 1 262.887 247.566 0.658164 -0.752874 -0.620054 0.784559 1 000000000000000000000000 000000000000000000000001 3 0 1 1 0 0 0 1 1 0 0 0 0 0 1 1 0 0 0 1 50 1 50 1 50 1 50 1 50 1 50 
0 84 1 264.22 255.424 0.340922 -0.940092 0.392974 0.919549 1 000000000000000000000000 000000000000000000000001 3 0 1 1 0 0 0 1 1 0 0 0 0 0 1 1 0 0 0 1 50 1 50 1 50 1 50 1 50 1 50 1 50 
0 85 1 261.895 262.474 -0.523468 0.852045 0.89899 0.437969 1 000000000000000000000000 000000000000000000000001 3 0 1 1 0 0 0 1 1 0 0 0 0 0 1 1 0 0 0 1 50 1 50 1 50 1 50 1 50 1 50 
0 86 1 263.565 269.065 -0.0403748 -0.999185 -0.841536 -0.5402 1 000000000000000000000000 000000000000000000000001 3 0 1 1 0 0 0 1 1 0 0 0 0 0 1 1 0 0 0 1 50 1 50 1 50 1 50 1 50 1 50 
0 87 1 262.631 276.585 -0.621186 0.783663 -0.908717 -0.417413 1 000000000000000000000000 000000000000000000000001 3 0 1 1 0 0 0 1 1 0 0 0 0 0 1 1 0 0 0 1 50 1 50 1 50 1 50 1 50 
0 88 1 262.819 286.097 -0.552866 -0.83327 -0.439688 0.898151 1 000000000000000000000000 000000000000000000000001 3 0 1 1 0 0 0 1 1 0 0 0 0 0 1 1 0 0 0 0 8 1 50 1 50 1 50 1 50 1 50 
0 89 1 268.403 211.569 -0.662903 -0.748705 -0.266853 0.963737 1 000000000000000000000000 000000000000000000000001 3 0 1 1 0 0 0 1 1 0 0 0 0 0 1 1 0 0 0 0 8 1 50 1 50 1 50 1 50 
0 90 1 273.216 220.054 -0.430915 -0.902393 -0.99632 0.0857117 1 000000000000000000000000 000000000000000000000001 3 0 1 1 0 0 0 1 1 0 0 0 0 0 1 1 0 0 0 0 8 1 50 1 50 1 50 1 50 1 50 
0 91 1 273.5 226.568 0.669174 0.743106 0.996626 0.0820781 1 000000000000000000000000 000000000000000000000001 3 0 1 1 0 0 0 1 1 0 0 0 0 0 1 1 0 0 0 0 8 1 50 1 50 1 50 1 50 
0 92 1 272.657 233.657 -0.605288 0.796006 -0.335429 0.942065 1 000000000000000000000000 000000000000000000000001 3 0 1 1 0 0 0 1 1 0 0 0 0 0 1 1 0 0 0 0 8 1 50 1 50 1 50 
0 93 1 272.657 241.257 -0.779213 0.626759 -0.974008 -0.226513 1 000000000000000000000000 000000000000000000000001 3 0 1 1 0 0 0 1 1 0 0 0 0 0 1 1 0 0 0 0 8 1 50 1 50 1 50 1 50 
0 94 1 270.955 248.106 0.305856 -0.952078 -0.90942 0.41588 1 000000000000000000000000 000000000000000000000001 3 0 1 1 0 0 0 1 1 0 0 0 0 0 1 1 0 0 0 0 8 1 50 1 50 1 50 1 50 1 50 
0 95 1 273.811 254.554 0.0754776 -0.997147 -0.456774 0.889583 1 000000000000000000000000 000000000000000000000001 3 0 1 1 0 0 0 1 1 0 0 0 0 0 1 1 0 0 0 0 8 1 50 1 50 1 50 
0 96 1 271.113 261.986 -0.931528 0.363669 0.830007 -0.557753 1 000000000000000000000000 000000000000000000000001 3 0 1 1 0 0 0 1 1 0 0 0 0 0 1 1 0 0 0 0 8 1 50 1 50 1 50 1 50 1 50 
0 97 1 274.139 269.736 -0.651748 -0.758436 0.578992 0.815333 1 000000000000000000000000 000000000000000000000001 3 0 1 1 0 0 0 1 1 0 0 0 0 0 1 1 0 0 0 0 8 1 50 1 50 1 50 
0 98 1 270.544 276.191 0.0563983 -0.998408 0.767296 -0.641293 1 000000000000000000000000 000000000000000000000001 3 0 1 1 0 0 0 1 1 0 0 0 0 0 1 1 0 0 0 0 8 1 50 1 50 1 50 1 50 1 50 
0 99 1 271.237 284.987 0.869413 0.494085 0.979871 0.199631 1 000000000000000000000000 000000000000000000000001 3 0 1 1 0 0 0 1 1 0 0 0 0 0 1 1 0 0 0 0 8 1 50 1 50 
0 100 1 276.905 211.149 0.23512 -0.971966 -0.743152 -0.669122 1 000000000000000000000000 000000000000000000000001 3 0 1 1 0 0 0 1 1 0 0 0 0 0 1 1 0 0 0 0 8 1 50 1 50 
1000 1 1 171.137 181.274 -0.597861 -0.8016 -0.887374 -0.461051 300 000000000000000000000000 000000000000000000000001 3 0 1 1 0 0 0 1 1 0 0 0 0 0 1 1 0 0 0 0 8 
1000 2 1 183.933 198.907 -0.870456 -0.492245 -0.861079 -0.508471 300 000000000000000000000000 000000000000000000000001 3 0 1 1 0 0 0 1 1 0 0 0 0 0 1 1 0 0 0 0 8 1 31 
1000 3 1 175.219 217.178 0.192047 0.981386 0.671147 0.741324 300 000000000000000000000000 000000000000000000000001 3 0 1 1 0 0 0 1 1 0 0 0 0 0 1 1 0 0 0 0 8 1 50 1 50 1 31 
1000 4 1 174.082 227.178 0.942208 0.335029 0.973538 0.228527 300 000000000000000000000000 000000000000000000000001 3 0 1 1 0 0 0 1 1 0 0 0 0 0 1 1 0 0 0 0 8 1 50 
1000 5 1 160.534 240.685 0.287348 0.957826 0.835438 -0.549585 300 000000000000000000000000 000000000000000000000001 3 0 1 1 0 0 0 1 1 0 0 0 0 0 1 1 0 0 0 0 8 
1000 6 1 181.493 232.89 -0.835398 -0.549645 0.500779 0.865575 300 000000000000000000000000 000000000000000000000001 3 0 1 1 0 0 0 1 1 0 0 0 0 0 1 1 0 0 0 0 8 
1000 7 1 186.932 258.554 0.932603 -0.360904 0.628019 0.778198 300 000000000000000000000000 000000000000000000000001 3 0 1 1 0 0 0 1 1 0 0 0 0 0 1 1 0 0 0 0 8 
1000 8 1 153.211 260.75 -0.677557 0.735471 0.192003 -0.981394 300 000000000000000000000000 000000000000000000000001 3 0 1 1 0 0 0 1 1 0 0 0 0 0 1 1 0 0 0 0 8 
1000 9 1 183.171 288.421 -0.968405 -0.249384 -0.38499 -0.922921 300 000000000000000000000000 000000000000000000000001 3 0 1 1 0 0 0 1 1 0 0 0 0 0 1 1 0 0 0 0 8 
1000 12 1 198.724 170.645 -0.0946926 -0.995507 0.758836 0.651281 300 000000000000000000000000 000000000000000000000001 3 0 1 1 0 0 0 1 1 0 0 0 0 0 1 1 0 0 0 0 8 
1000 13 1 212.72 190.507 0.994218 0.107377 -0.972029 0.234862 300 000000000000000000000000 000000000000000000000001 3 0 1 1 0 0 0 1 1 0 0 0 0 0 1 1 0 0 0 0 8 
1000 15 1 185.108 213.986 -0.691005 0.72285 0.94212 -0.335277 300 000000000000000000000000 000000000000000000000001 3 0 1 1 0 0 0 1 1 0 0 0 0 0 1 1 0 0 0 0 8 1 50 1 31 
1000 17 1 182.671 244.055 -0.955617 0.294611 0.92735 -0.374194 300 000000000000000000000000 000000000000000000000001 3 0 1 1 0 0 0 1 1 0 0 0 0 0 1 1 0 0 0 0 8 
1000 18 1 185.189 273.757 -0.838349 0.545134 -0.327711 0.944778 300 000000000000000000000000 000000000000000000000001 3 0 1 1 0 0 0 1 1 0 0 0 0 0 1 1 0 0 0 0 8 1 50 1 27 
1000 19 1 176.149 271 -0.691986 0.721911 0.536842 0.843683 300 000000000000000000000000 000000000000000000000001 3 0 1 1 0 0 0 1 1 0 0 0 0 0 1 1 0 0 0 0 8 1 50 1 31 
1000 20 1 214.811 290.378 -0.556696 0.830716 -0.403101 0.915155 300 000000000000000000000000 000000000000000000000001 3 0 1 1 0 0 0 1 1 0 0 0 0 0 1 1 0 0 0 0 8 1 33 
1000 21 1 199.908 315.368 -0.784187 0.620525 0.0583656 -0.998295 300 000000000000000000000000 000000000000000000000001 3 0 1 1 0 0 0 1 1 0 0 0 0 0 1 1 0 0 0 0 8 
1000 22 1 218.863 300.589 0.651629 0.758537 0.854979 0.518662 300 000000000000000000000000 000000000000000000000001 3 0 1 1 0 0 0 1 1 0 0 0 0 0 1 1 0 0 0 0 8 
1000 23 1 232.944 196.5 0.696718 0.717345 0.992452 -0.122637 300 000000000000000000000000 000000000000000000000001 3 0 1 1 0 0 0 1 1 0 0 0 0 0 1 1 0 0 0 0 8 
1000 27 1 208.23 223.703 0.981721 0.190325 -0.996405 -0.0847185 300 000000000000000000000000 000000000000000000000001 3 0 1 1 0 0 0 1 1 0 0 0 0 0 1 1 0 0 0 0 8 1 30 
1000 29 1 205.2 252.56 -0.903838 -0.427875 -0.0758046 -0.997123 300 000000000000000000000000 000000000000000000000001 3 0 1 1 0 0 0 1 1 0 0 0 0 0 1 1 0 0 0 0 8 1 28 
1000 30 1 207.301 281.425 0.640772 0.767731 0.984332 0.176326 300 000000000000000000000000 000000000000000000000001 3 0 1 1 0 0 0 1 1 0 0 0 0 0 1 1 0 0 0 0 8 
1000 32 1 214.5 313.892 0.326866 0.945071 0.777183 0.629274 300 000000000000000000000000 000000000000000000000001 3 0 1 1 0 0 0 1 1 0 0 0 0 0 1 1 0 0 0 0 8 1 34 
1000 33 1 216.378 326.095 -0.569579 0.821937 -0.812084 0.583541 300 000000000000000000000000 000000000000000000000001 3 0 1 1 0 0 0 1 1 0 0 0 0 0 1 1 0 0 0 0 8 
1000 36 1 226.486 225.083 0.953184 0.30239 0.663641 -0.748051 300 000000000000000000000000 000000000000000000000001 3 0 1 1 0 0 0 1 1 0 0 0 0 0 1 1 0 0 0 0 8 
1000 38 1 218.219 230.329 -0.271252 -0.962508 -0.305329 0.952247 300 000000000000000000000000 000000000000000000000001 3 0 1 1 0 0 0 1 1 0 0 0 0 0 1 1 0 0 0 0 8 
1000 39 1 216.455 243.831 0.993055 0.117653 -0.739609 0.673036 300 000000000000000000000000 000000000000000000000001 3 0 1 1 0 0 0 1 1 0 0 0 0 0 1 1 0 0 0 0 8 
1000 40 1 254.986 280.329 0.953724 0.300684 0.999964 0.00849106 300 000000000000000000000000 000000000000000000000001 3 0 1 1 0 0 0 1 1 0 0 0 0 0 1 1 0 0 0 0 8 
1000 41 1 238.658 275.118 0.961777 -0.273832 -0.94346 0.331486 300 000000000000000000000000 000000000000000000000001 3 0 1 1 0 0 0 1 1 0 0 0 0 0 1 1 0 0 0 0 8 1 27 
1000 43 1 237.48 296.467 0.0062577 0.99998 -0.493446 -0.869776 300 000000000000000000000000 000000000000000000000001 3 0 1 1 0 0 0 1 1 0 0 0 0 0 1 1 0 0 0 0 8 
1000 46 1 262.053 207.145 0.0257435 0.999669 -0.703118 -0.711074 300 000000000000000000000000 000000000000000000000001 3 0 1 1 0 0 0 1 1 0 0 0 0 0 1 1 0 0 0 0 8 
1000 47 1 251.526 198.618 0.876476 0.481445 -0.999921 0.0125704 300 000000000000000000000000 000000000000000000000001 3 0 1 1 0 0 0 1 1 0 0 0 0 0 1 1 0 0 0 0 8 
1000 48 1 221.75 201.917 0.200594 -0.979674 0.542127 0.840297 300 000000000000000000000000 000000000000000000000001 3 0 1 1 0 0 0 1 1 0 0 0 0 0 1 1 0 0 0 0 8 
1000 50 1 260.72 237.493 0.956902 0.29041 0.668147 -0.744029 300 000000000000000000000000 000000000000000000000001 3 0 1 1 0 0 0 1 1 0 0 0 0 0 1 1 0 0 0 0 8 
1000 52 1 231.776 264.461 0.471215 0.882018 0.451522 -0.89226 300 000000000000000000000000 000000000000000000000001 3 0 1 1 0 0 0 1 1 0 0 0 0 0 1 1 0 0 0 0 8 1 33 1 32 
1000 54 1 260.892 297.041 0.283657 0.958926 0.157581 0.987506 300 000000000000000000000000 000000000000000000000001 3 0 1 1 0 0 0 1 1 0 0 0 0 0 1 1 0 0 0 0 8 
1000 56 1 250.932 184.699 0.742491 -0.669856 -0.78869 0.614792 300 000000000000000000000000 000000000000000000000001 3 0 1 1 0 0 0 1 1 0 0 0 0 0 1 1 0 0 0 0 8 
1000 58 1 229.973 213.267 -0.0806612 -0.996742 -0.83005 0.55769 300 000000000000000000000000 000000000000000000000001 3 0 1 1 0 0 0 1 1 0 0 0 0 0 1 1 0 0 0 0 8 
1000 59 1 272.724 213.632 0.984072 -0.177768 0.356662 -0.934233 300 000000000000000000000000 000000000000000000000001 3 0 1 1 0 0 0 1 1 0 0 0 0 0 1 1 0 0 0 0 8 
1000 60 1 253.028 261.444 -0.639054 0.769162 0.9912 -0.132374 300 000000000000000000000000 000000000000000000000001 3 0 1 1 0 0 0 1 1 0 0 0 0 0 1 1 0 0 0 0 8 1 33 1 28 
1000 61 1 258.816 225.224 0.98387 0.178885 -0.186351 0.982483 300 000000000000000000000000 000000000000000000000001 3 0 1 1 0 0 0 1 1 0 0 0 0 0 1 1 0 0 0 0 8 
1000 62 1 250.973 245.137 0.986594 -0.163196 -0.459977 0.887931 300 000000000000000000000000 000000000000000000000001 3 0 1 1 0 0 0 1 1 0 0 0 0 0 1 1 0 0 0 0 8 1 28 
1000 66 1 251.247 318.532 -0.189516 0.981878 0.998787 0.0492468 300 000000000000000000000000 000000000000000000000001 3 0 1 1 0 0 0 1 1 0 0 0 0 0 1 1 0 0 0 0 8 
1000 67 1 269.253 165.333 0.472254 -0.881463 0.785773 0.618515 300 000000000000000000000000 000000000000000000000001 3 0 1 1 0 0 0 1 1 0 0 0 0 0 1 1 0 0 0 0 8 
1000 69 1 271.387 229.533 -0.648581 -0.761145 0.356892 -0.934146 300 000000000000000000000000 000000000000000000000001 3 0 1 1 0 0 0 1 1 0 0 0 0 0 1 1 0 0 0 0 8 
1000 70 1 287.014 232.662 0.306095 0.952001 0.999797 0.0201655 300 000000000000000000000000 000000000000000000000001 3 0 1 1 0 0 0 1 1 0 0 0 0 0 1 1 0 0 0 0 8 
1000 71 1 262.589 252.575 -0.194326 0.980937 -0.306425 -0.951895 300 000000000000000000000000 000000000000000000000001 3 0 1 1 0 0 0 1 1 0 0 0 0 0 1 1 0 0 0 0 8 
1000 78 1 287 179.216 -0.999396 0.0347408 -0.308328 0.95128 300 000000000000000000000000 000000000000000000000001 3 0 1 1 0 0 0 1 1 0 0 0 0 0 1 1 0 0 0 0 8 
1000 80 1 288.257 216.919 0.353176 0.935557 0.83205 -0.5547 300 000000000000000000000000 000000000000000000000001 3 0 1 1 0 0 0 1 1 0 0 0 0 0 1 1 0 0 0 0 8 
1000 82 1 309.466 239.877 0.849145 0.52816 0.609203 0.793014 300 000000000000000000000000 000000000000000000000001 3 0 1 1 0 0 0 1 1 0 0 0 0 0 1 1 0 0 0 0 8 
1000 83 1 283.5 246.892 -0.290995 -0.956725 0.905326 -0.424717 300 000000000000000000000000 000000000000000000000001 3 0 1 1 0 0 0 1 1 0 0 0 0 0 1 1 0 0 0 0 8 
1000 84 1 276.973 253.733 0.989855 -0.142081 -0.78652 -0.617564 300 000000000000000000000000 000000000000000000000001 3 0 1 1 0 0 0 1 1 0 0 0 0 0 1 1 0 0 0 0 8 
1000 85 1 272.795 268.11 0.80942 0.58723 0.0788675 -0.996885 300 000000000000000000000000 000000000000000000000001 3 0 1 1 0 0 0 1 1 0 0 0 0 0 1 1 0 0 0 0 8 1 28 
1000 87 1 280.216 298.405 -0.947238 0.320531 -0.479369 0.877614 300 000000000000000000000000 000000000000000000000001 3 0 1 1 0 0 0 1 1 0 0 0 0 0 1 1 0 0 0 0 8 
1000 88 1 269.787 307.773 -0.480609 -0.876935 0.997752 0.0670132 300 000000000000000000000000 000000000000000000000001 3 0 1 1 0 0 0 1 1 0 0 0 0 0 1 1 0 0 0 0 8 
1000 89 1 288.014 193.797 -0.985178 -0.171533 0.952736 0.303801 300 000000000000000000000000 000000000000000000000001 3 0 1 1 0 0 0 1 1 0 0 0 0 0 1 1 0 0 0 0 8 1 30 
1000 90 1 319.595 203.122 0.776106 0.630603 0.0341265 -0.999418 300 000000000000000000000000 000000000000000000000001 3 0 1 1 0 0 0 1 1 0 0 0 0 0 1 1 0 0 0 0 8 
1000 91 1 301.8 202.107 0.949646 0.313325 0.278226 -0.960516 300 000000000000000000000000 000000000000000000000001 3 0 1 1 0 0 0 1 1 0 0 0 0 0 1 1 0 0 0 0 8 
1000 93 1 318.532 225.948 0.861145 -0.508359 0.916074 -0.40101 300 000000000000000000000000 000000000000000000000001 3 0 1 1 0 0 0 1 1 0 0 0 0 0 1 1 0 0 0 0 8 
1000 94 1 338.438 252.37 0.953604 0.301065 0.3947 -0.91881 300 000000000000000000000000 000000000000000000000001 3 0 1 1 0 0 0 1 1 0 0 0 0 0 1 1 0 0 0 0 8 
1000 95 1 305.507 249.467 0.986652 0.162845 0.951971 0.306189 300 000000000000000000000000 000000000000000000000001 3 0 1 1 0 0 0 1 1 0 0 0 0 0 1 1 0 0 0 0 8 
1000 96 1 307.486 277 0.325151 0.945662 0.347173 -0.937801 300 000000000000000000000000 000000000000000000000001 3 0 1 1 0 0 0 1 1 0 0 0 0 0 1 1 0 0 0 0 8 
1000 97 1 309.263 297.382 0.921407 0.3886 -0.0923707 -0.995725 300 000000000000000000000000 000000000000000000000001 3 0 1 1 0 0 0 1 1 0 0 0 0 0 1 1 0 0 0 0 8 
1000 98 1 304.338 314.338 0.232677 0.972554 0.232424 0.972615 300 000000000000000000000000 000000000000000000000001 3 0 1 1 0 0 0 1 1 0 0 0 0 0 1 1 0 0 0 0 8 
1000 100 1 297.2 181.2 -0.566296 -0.824202 -0.687234 -0.726436 300 000000000000000000000000 000000000000000000000001 3 0 1 1 0 0 0 1 1 0 0 0 0 0 1 1 0 0 0 0 8 
1000 102 1 161.813 215.587 -0.739585 -0.673064 0.942794 -0.333375 300 000100000000001110011100 010010000110100100011100 3 0 1 1 0 0 0 1 1 0 0 0 0 0 1 1 0 0 0 0 9 
1000 103 1 176.875 206.722 0.970026 0.243001 -0.0792709 -0.996853 300 111000101000100001001100 101010110001110000010101 3 0 1 1 0 0 0 1 1 0 0 0 0 0 1 1 0 0 0 0 17 1 31 1 31 1 31 
1000 106 1 194.081 251.392 0.326126 0.945326 -0.115157 0.993347 300 000100010110001011101000 101011001100000000100110 3 0 1 1 0 0 0 1 1 0 0 0 0 0 1 1 0 0 0 0 9 
1000 107 1 196.081 228.662 -0.855365 -0.518027 -0.0110642 -0.999939 300 111100001010101101000101 000001100010111001110001 3 0 1 1 0 0 0 1 1 0 0 0 0 0 1 1 0 0 0 0 18 1 27 
1000 108 1 196.162 200.351 0.307602 -0.951515 0.565555 0.824711 300 101001000010011011011101 101001001000000011000010 3 0 1 1 0 0 0 1 1 0 0 0 0 0 1 1 0 0 0 0 15 
1000 109 1 192.893 280.227 -0.77962 -0.626252 -0.180259 0.983619 300 000111111100111100111001 100100100011000011001111 3 0 1 1 0 0 0 1 1 0 0 0 0 0 1 1 0 0 0 0 11 1 27 
1000 110 1 203.986 295.611 -0.892457 -0.451132 -0.129348 0.991599 300 110010010000110000010000 101010101000000001111011 3 0 1 1 0 0 0 1 1 0 0 0 0 0 1 1 0 0 0 0 16 1 29 
1000 111 1 214.932 258.301 -0.996276 -0.0862219 0.412053 0.91116 300 110100010011000000001011 111111001001110010011001 3 0 1 1 0 0 0 1 1 0 0 0 0 0 1 1 0 0 0 0 16 
1000 112 1 205.24 233.347 -0.510974 -0.859596 -0.897066 0.441897 300 001010101011010110001000 001101010100011101010100 3 0 1 1 0 0 0 1 1 0 0 0 0 0 1 1 0 0 0 0 11 1 30 1 27 1 32 
1000 113 1 203.405 213.486 -0.812696 -0.582688 -0.322913 0.946429 300 100101010100001110010001 110101010001101110101000 3 0 1 1 0 0 0 1 1 0 0 0 0 0 1 1 0 0 0 0 14 
1000 116 1 215.361 274.917 -0.0447476 0.998998 0.826217 0.563351 300 011100011101101100010001 100011010100001000100001 3 0 1 1 0 0 0 1 1 0 0 0 0 0 1 1 0 0 0 0 14 1 28 1 30 
1000 118 1 227.421 248.974 0.503525 -0.863981 0.852258 0.523121 300 000010000001000011001010 110101101111001110001111 3 0 1 1 0 0 0 1 1 0 0 0 0 0 1 1 0 0 0 0 9 
1000 119 1 223.986 314.635 -0.214522 0.976719 -0.922467 -0.386075 300 110011010110001100010101 110010000010001001001000 3 0 1 1 0 0 0 1 1 0 0 0 0 0 1 1 0 0 0 0 17 1 34 1 35 
1000 120 1 221.32 267.32 -0.99535 0.0963242 0.675458 -0.737398 300 010011011010001010001010 110000101001010000101011 3 0 1 1 0 0 0 1 1 0 0 0 0 0 1 1 0 0 0 0 13 1 28 
1000 121 1 225.311 288.757 -0.375078 0.926993 0.692459 0.721457 300 001110111100001111100001 110000110010000000011000 3 0 1 1 0 0 0 1 1 0 0 0 0 0 1 1 0 0 0 0 12 1 33 1 24 1 22 
1000 122 1 237.8 307.92 -0.957227 0.289338 -0.289515 0.957173 300 000000000000010000011011 010101111000000100010110 3 0 1 1 0 0 0 1 1 0 0 0 0 0 1 1 0 0 0 0 8 1 31 
1000 123 1 232.575 318.123 -0.144727 0.989472 0.732604 0.680655 300 110100010010001101101011 101110010010001000111011 3 0 1 1 0 0 0 1 1 0 0 0 0 0 1 1 0 0 0 0 16 1 35 1 31 
1000 124 1 232.611 238.306 0.999993 0.00384366 -0.789422 -0.613851 300 010010001000000010001101 101010111110000010011010 3 0 1 1 0 0 0 1 1 0 0 0 0 0 1 1 0 0 0 0 12 1 31 
1000 125 1 231.547 281.64 -0.983792 0.179312 -0.176299 -0.984337 300 001100011111001000100111 010010110011011100110111 3 0 1 1 0 0 0 1 1 0 0 0 0 0 1 1 0 0 0 0 11 1 27 1 24 1 24 
1000 126 1 240.973 234.081 -0.432144 0.901805 -0.752885 -0.658152 300 110000010110001000111001 011111010100100001101001 3 0 1 1 0 0 0 1 1 0 0 0 0 0 1 1 0 0 0 0 15 1 31 
1000 129 1 242.473 263.676 0.71573 -0.698377 0.929261 0.369423 300 111000110000110010110010 000110100001001011000000 3 0 1 1 0 0 0 1 1 0 0 0 0 0 1 1 0 0 0 0 17 1 33 1 33 1 25 1 27 
1000 130 1 250.5 300 -0.0749332 -0.997189 0.0620563 -0.998073 300 011001000000010000111000 000101100010001001100000 3 0 1 1 0 0 0 1 1 0 0 0 0 0 1 1 0 0 0 0 14 
1000 131 1 268.11 181.329 0.986546 -0.163486 0.598783 -0.800911 300 000010011001011110100010 111100010110100000001111 3 0 1 1 0 0 0 1 1 0 0 0 0 0 1 1 0 0 0 0 9 
1000 133 1 269.222 289.458 0.0743061 0.997235 -0.749881 0.661573 300 110101101001110000001001 101101001100001100110100 3 0 1 1 0 0 0 1 1 0 0 0 0 0 1 1 0 0 0 0 17 
1000 135 1 283.958 270.986 0.525287 -0.850925 -0.689864 -0.723939 300 110110011000100011100100 110101001001001110100101 3 0 1 1 0 0 0 1 1 0 0 0 0 0 1 1 0 0 0 0 17 1 28 
1000 137 1 278.257 196.595 0.000180865 1 0.65734 -0.753594 300 100111001010010110011001 000101110010101000011011 3 0 1 1 0 0 0 1 1 0 0 0 0 0 1 1 0 0 0 0 15 1 30 
1000 139 1 291.189 256.959 -0.94572 -0.324982 -0.821717 0.569896 300 101001110110100100001001 100000000011001000000011 3 0 1 1 0 0 0 1 1 0 0 0 0 0 1 1 0 0 0 0 15 
1000 141 1 321.534 260.178 0.303622 0.952792 -0.972458 -0.233077 300 010100101001001110101110 001000110101010111001110 3 0 1 1 0 0 0 1 1 0 0 0 0 0 1 1 0 0 0 0 12 
1000 142 1 170.26 262.781 0.252819 0.967514 -0.976308 0.216386 300 010111000111001010001011 011010001010110000101001 3 0 1 1 0 0 0 1 1 0 0 0 0 0 1 1 0 0 0 0 14 1 31 
1000 143 1 200.562 242.137 -0.886828 -0.462101 0.957284 0.28915 300 001110101100100010010010 000010110011110110101011 3 0 1 1 0 0 0 1 1 0 0 0 0 0 1 1 0 0 0 0 12 1 28 1 32 
1000 144 1 199.514 301.73 0.655737 0.75499 -0.16588 -0.986146 300 011000101001110000010000 011110000110110011100011 3 0 1 1 0 0 0 1 1 0 0 0 0 0 1 1 0 0 0 0 13 1 29 
1000 145 1 196.013 267.842 -0.5763 0.817238 -0.249041 0.968493 300 010010000100101011100000 111001000000110101001001 3 0 1 1 0 0 0 1 1 0 0 0 0 0 1 1 0 0 0 0 12 
1000 146 1 221.676 280.419 0.929879 0.367864 -0.788809 0.614639 300 100110011101101011011011 000101001011110101011101 3 0 1 1 0 0 0 1 1 0 0 0 0 0 1 1 0 0 0 0 14 1 30 1 22 1 24 
1000 149 1 237.493 256.397 -0.652977 0.757378 0.114396 -0.993435 300 011100100000110100000001 001110011101100001101101 3 0 1 1 0 0 0 1 1 0 0 0 0 0 1 1 0 0 0 0 14 1 32 1 25 1 24 
1000 150 1 246.041 254.77 0.115271 -0.993334 0.65365 0.756797 300 101011101011000110010011 011001000110101101010110 3 0 1 1 0 0 0 1 1 0 0 0 0 0 1 1 0 0 0 0 16 1 28 1 28 1 27 1 24 
