0 1 1 212.68 212.78 0.396354 -0.918098 0.499837 -0.86612 1 100110101011000110001110 001111000100011101110001 3 0 1 1 0 0 0 1 1 0 0 0 0 0 1 1 0 0 0 0 14 1 16 1 16 
0 2 1 212.863 219.804 0.943307 -0.331921 -0.592736 0.805397 1 100110101011000110001110 001111000100011101110001 3 0 1 1 0 0 0 1 1 0 0 0 0 0 1 1 0 0 0 0 14 1 16 1 16 1 16 1 16 1 16 
0 3 1 212.961 227.118 0.306907 0.95174 -0.908541 0.417796 1 100110101011000110001110 001111000100011101110001 3 0 1 1 0 0 0 1 1 0 0 0 0 0 1 1 0 0 0 0 14 1 16 1 16 1 16 1 16 
0 4 1 212.265 235.082 0.949359 0.314193 -0.890424 0.455133 1 100110101011000110001110 001111000100011101110001 3 0 1 1 0 0 0 1 1 0 0 0 0 0 1 1 0 0 0 0 14 1 16 1 16 1 16 1 16 
0 5 1 212.667 241.208 -0.0863568 -0.996264 -0.768937 -0.639325 1 100110101011000110001110 001111000100011101110001 3 0 1 1 0 0 0 1 1 0 0 0 0 0 1 1 0 0 0 0 14 1 16 1 16 1 16 1 16 
0 6 1 212.843 247.745 0.871407 0.490561 0.832708 -0.553712 1 100110101011000110001110 001111000100011101110001 3 0 1 1 0 0 0 1 1 0 0 0 0 0 1 1 0 0 0 0 14 1 16 1 16 1 16 1 16 
0 7 1 213.66 255.426 -0.479718 -0.877423 -0.891789 -0.452452 1 100110101011000110001110 001111000100011101110001 3 0 1 1 0 0 0 1 1 0 0 0 0 0 1 1 0 0 0 0 14 1 16 1 16 1 16 1 16 
0 8 1 212.204 262.939 0.835484 -0.549515 -0.916309 -0.400473 1 100110101011000110001110 001111000100011101110001 3 0 1 1 0 0 0 1 1 0 0 0 0 0 1 1 0 0 0 0 14 1 16 1 16 1 16 1 16 
0 9 1 213.327 269.163 -0.998563 -0.0535864 -0.417373 0.908735 1 100110101011000110001110 001111000100011101110001 3 0 1 1 0 0 0 1 1 0 0 0 0 0 1 1 0 0 0 0 14 1 16 1 16 1 16 1 16 1 16 
0 10 1 212.314 275.725 -0.504325 0.863514 -0.89879 -0.43838 1 100110101011000110001110 001111000100011101110001 3 0 1 1 0 0 0 1 1 0 0 0 0 0 1 1 0 0 0 0 14 1 16 1 16 1 16 1 16 
0 11 1 213.143 283.204 -0.872279 -0.489008 0.714834 -0.699294 1 100110101011000110001110 001111000100011101110001 3 0 1 1 0 0 0 1 1 0 0 0 0 0 1 1 0 0 0 0 14 1 16 1 16 
0 12 1 219.635 211.673 0.509925 0.860219 0.314557 -0.949239 1 100110101011000110001110 001111000100011101110001 3 0 1 1 0 0 0 1 1 0 0 0 0 0 1 1 0 0 0 0 14 1 16 1 16 1 16 1 16 
0 13 1 219.923 219.288 -0.490587 0.871392 -0.294086 -0.955779 1 100110101011000110001110 001111000100011101110001 3 0 1 1 0 0 0 1 1 0 0 0 0 0 1 1 0 0 0 0 14 1 16 1 16 1 16 1 16 
0 14 1 219.653 226.694 0.560061 -0.828452 0.102666 0.994716 1 100110101011000110001110 001111000100011101110001 3 0 1 1 0 0 0 1 1 0 0 0 0 0 1 1 0 0 0 1 16 1 16 1 16 1 16 1 16 1 16 1 16 
0 15 1 219.196 234.098 -0.594213 0.804308 0.973571 0.228386 1 100110101011000110001110 001111000100011101110001 3 0 1 1 0 0 0 1 1 0 0 0 0 0 1 1 0 0 0 1 16 1 16 1 16 1 16 1 16 1 16 1 16 
0 16 1 220.54 241.36 0.971462 0.237195 -0.942816 -0.333313 1 100110101011000110001110 001111000100011101110001 3 0 1 1 0 0 0 1 1 0 0 0 0 0 1 1 0 0 0 0 14 1 16 1 16 1 16 1 16 1 16 1 16 
0 17 1 219.851 248.255 0.643533 -0.765418 -0.99553 0.0944453 1 100110101011000110001110 001111000100011101110001 3 0 1 1 0 0 0 1 1 0 0 0 0 0 1 1 0 0 0 0 14 1 16 1 16 1 16 1 16 1 16 1 16 
0 18 1 219.796 255.592 -0.923928 -0.382567 -0.0171649 -0.999853 1 100110101011000110001110 001111000100011101110001 3 0 1 1 0 0 0 1 1 0 0 0 0 0 1 1 0 0 0 1 16 1 16 1 16 1 16 1 16 1 16 1 16 
0 19 1 220.327 262.143 -0.689426 0.724356 0.987441 0.157991 1 100110101011000110001110 001111000100011101110001 3 0 1 1 0 0 0 1 1 0 0 0 0 0 1 1 0 0 0 1 16 1 16 1 16 1 16 1 16 1 16 1 16 
0 20 1 220.167 269.646 0.923615 0.383322 0.996038 0.0889319 1 100110101011000110001110 001111000100011101110001 3 0 1 1 0 0 0 1 1 0 0 0 0 0 1 1 0 0 0 1 16 1 16 1 16 1 16 1 16 
0 21 1 219.878 276.245 0.203809 -0.979011 0.447214 0.894427 1 100110101011000110001110 001111000100011101110001 3 0 1 1 0 0 0 1 1 0 0 0 0 0 1 1 0 0 0 1 16 1 16 1 16 1 16 1 16 1 16 
0 22 1 219.755 283.551 -0.523317 -0.852138 0.999117 0.0420049 1 100110101011000110001110 001111000100011101110001 3 0 1 1 0 0 0 1 1 0 0 0 0 0 1 1 0 0 0 0 14 1 16 1 16 1 16 1 16 
0 23 1 226.776 212.122 0.857385 0.514676 -0.866761 -0.498724 1 100110101011000110001110 001111000100011101110001 3 0 1 1 0 0 0 1 1 0 0 0 0 0 1 1 0 0 0 0 14 1 16 1 16 1 16 
0 24 1 226.34 220.02 0.636651 -0.771152 0.683941 0.729537 1 100110101011000110001110 001111000100011101110001 3 0 1 1 0 0 0 1 1 0 0 0 0 0 1 1 0 0 0 0 14 1 16 1 16 1 16 1 16 1 16 1 16 
0 25 1 227.058 227.173 -0.298428 -0.954432 -0.849729 -0.527221 1 100110101011000110001110 001111000100011101110001 3 0 1 1 0 0 0 1 1 0 0 0 0 0 1 1 0 0 0 1 16 1 16 1 16 1 16 1 16 
0 26 1 226.347 233.714 -0.99854 0.0540222 -0.359237 -0.933246 1 100110101011000110001110 001111000100011101110001 3 0 1 1 0 0 0 1 1 0 0 0 0 0 1 1 0 0 0 1 16 1 16 1 16 1 16 1 16 1 16 1 16 
0 27 1 227 241 0.852495 -0.522735 -0.918989 -0.394284 1 100110101011000110001110 001111000100011101110001 3 0 1 1 0 0 0 1 1 0 0 0 0 0 1 1 0 0 0 1 16 1 16 1 16 1 16 1 16 1 16 
0 28 1 227 248.245 -0.768198 -0.640212 0.0570498 -0.998371 1 100110101011000110001110 001111000100011101110001 3 0 1 1 0 0 0 1 1 0 0 0 0 0 1 1 0 0 0 1 16 1 16 1 16 1 16 1 16 1 16 1 16 
0 29 1 226.917 255.104 0.783253 -0.621704 -0.896607 -0.442827 1 100110101011000110001110 001111000100011101110001 3 0 1 1 0 0 0 1 1 0 0 0 0 0 1 1 0 0 0 1 16 1 16 1 16 1 16 1 16 1 16 
0 30 1 227.18 262.12 0.496206 0.868205 -0.866866 0.498541 1 100110101011000110001110 001111000100011101110001 3 0 1 1 0 0 0 1 1 0 0 0 0 0 1 1 0 0 0 1 16 1 16 1 16 1 16 1 16 
0 31 1 226.531 268.49 -0.213567 0.976928 -0.938302 0.345817 1 100110101011000110001110 001111000100011101110001 3 0 1 1 0 0 0 1 1 0 0 0 0 0 1 1 0 0 0 0 14 1 16 1 16 1 16 1 16 1 16 1 16 
0 32 1 226.735 276.347 0.999212 0.0396891 -0.276241 0.961088 1 100110101011000110001110 001111000100011101110001 3 0 1 1 0 0 0 1 1 0 0 0 0 0 1 1 0 0 0 1 16 1 16 1 16 1 16 1 16 1 16 
0 33 1 226.796 283.163 -0.696005 -0.718037 0.986472 0.163933 1 100110101011000110001110 001111000100011101110001 3 0 1 1 0 0 0 1 1 0 0 0 0 0 1 1 0 0 0 0 14 1 16 1 16 1 16 1 16 1 16 
0 34 1 233.961 214.275 0.307211 0.951641 -0.0225833 -0.999745 1 100110101011000110001110 001111000100011101110001 3 0 1 1 0 0 0 1 1 0 0 0 0 0 1 1 0 0 0 0 14 1 16 1 16 1 16 1 16 1 16 
0 35 1 233.1 220.98 0.740286 -0.672292 0.845258 -0.534358 1 100110101011000110001110 001111000100011101110001 3 0 1 1 0 0 0 1 1 0 0 0 0 0 1 1 0 0 0 1 16 1 16 1 16 1 16 1 16 
0 36 1 234.24 227.68 -0.923869 0.382709 -0.685385 0.728181 1 100110101011000110001110 001111000100011101110001 3 0 1 1 0 0 0 1 1 0 0 0 0 0 1 1 0 0 0 1 16 1 16 1 16 1 16 1 16 1 16 
0 37 1 234.771 234.688 -0.128323 -0.991732 0.565634 0.824656 1 100110101011000110001110 001111000100011101110001 3 0 1 1 0 0 0 1 1 0 0 0 0 0 1 1 0 0 0 1 16 1 16 1 16 1 16 1 16 1 16 
0 38 1 233 240.362 0.64723 -0.762294 -0.751835 0.659351 1 100110101011000110001110 001111000100011101110001 3 0 1 1 0 0 0 1 1 0 0 0 0 0 1 1 0 0 0 1 16 1 16 1 16 1 16 1 16 
0 39 1 234.404 247.962 0.998933 0.0461729 0.996792 -0.0800344 1 100110101011000110001110 001111000100011101110001 3 0 1 1 0 0 0 1 1 0 0 0 0 0 1 1 0 0 0 1 16 1 16 1 16 1 16 1 16 1 16 1 16 
0 40 1 233.408 255.306 0.00239153 -0.999997 0.735529 -0.677493 1 100110101011000110001110 001111000100011101110001 3 0 1 1 0 0 0 1 1 0 0 0 0 0 1 1 0 0 0 1 16 1 16 1 16 1 16 1 16 1 16 1 16 
0 41 1 234.843 262.529 -0.777309 0.629119 0.453457 -0.891278 1 100110101011000110001110 001111000100011101110001 3 0 1 1 0 0 0 1 1 0 0 0 0 0 1 1 0 0 0 0 14 1 16 1 16 1 16 1 16 1 16 1 16 
0 42 1 233.827 269.654 0.93112 -0.364712 -0.951293 -0.308289 1 100110101011000110001110 001111000100011101110001 3 0 1 1 0 0 0 1 1 0 0 0 0 0 1 1 0 0 0 0 14 1 16 1 16 1 16 1 16 1 16 1 16 
0 43 1 233.481 276.308 0.920479 -0.390791 -0.151273 -0.988492 1 100110101011000110001110 001111000100011101110001 3 0 1 1 0 0 0 1 1 0 0 0 0 0 1 1 0 0 0 1 16 1 16 1 16 1 16 1 16 1 16 
0 44 1 234.467 282.667 0.590727 0.806871 -0.997989 -0.0633902 1 100110101011000110001110 001111000100011101110001 3 0 1 1 0 0 0 1 1 0 0 0 0 0 1 1 0 0 0 0 14 1 16 1 16 1 16 1 16 
0 45 1 242.204 213.041 0.827568 0.561366 0.985772 -0.16809 1 100110101011000110001110 001111000100011101110001 3 0 1 1 0 0 0 1 1 0 0 0 0 0 1 1 0 0 0 0 14 1 16 1 16 1 16 1 16 
0 46 1 240.18 219.92 0.953304 -0.302012 -0.663152 -0.748484 1 100110101011000110001110 001111000100011101110001 3 0 1 1 0 0 0 1 1 0 0 0 0 0 1 1 0 0 0 1 16 1 16 1 16 1 16 1 16 1 16 
0 47 1 241.188 227 0.304631 -0.95247 -0.953583 0.301131 1 100110101011000110001110 001111000100011101110001 3 0 1 1 0 0 0 1 1 0 0 0 0 0 1 1 0 0 0 1 16 1 16 1 16 1 16 1 16 1 16 
0 48 1 241.157 234.314 -0.263001 0.964796 -0.339525 0.940597 1 100110101011000110001110 001111000100011101110001 3 0 1 1 0 0 0 1 1 0 0 0 0 0 1 1 0 0 0 1 16 1 16 1 16 1 16 1 16 1 16 
0 49 1 240.612 241.735 -0.703325 -0.710869 0.985724 -0.168369 1 100110101011000110001110 001111000100011101110001 3 0 1 1 0 0 0 1 1 0 0 0 0 0 1 1 0 0 0 1 16 1 16 1 16 1 16 1 16 1 16 1 16 
0 50 1 241.981 248.404 -0.570634 0.821204 0.623406 0.781899 1 100110101011000110001110 001111000100011101110001 3 0 1 1 0 0 0 1 1 0 0 0 0 0 1 1 0 0 0 1 16 1 16 1 16 1 16 1 16 
0 51 1 240.25 255.021 0.973292 -0.229571 0.800416 0.599445 1 100110101011000110001110 001111000100011101110001 3 0 1 1 0 0 0 1 1 0 0 0 0 0 1 1 0 0 0 1 16 1 16 1 16 1 16 1 16 1 16 
0 52 1 241.68 261.94 -0.83825 -0.545286 -0.997819 -0.0660117 1 100110101011000110001110 001111000100011101110001 3 0 1 1 0 0 0 1 1 0 0 0 0 0 1 1 0 0 0 1 16 1 16 1 16 1 16 1 16 
0 53 1 241.327 269.306 0.912818 -0.408366 -0.998228 -0.0594971 1 100110101011000110001110 001111000100011101110001 3 0 1 1 0 0 0 1 1 0 0 0 0 0 1 1 0 0 0 1 16 1 16 1 16 1 16 1 16 1 16 1 16 
0 54 1 241.245 276 -0.772023 0.635595 -0.673875 -0.738845 1 100110101011000110001110 001111000100011101110001 3 0 1 1 0 0 0 1 1 0 0 0 0 0 1 1 0 0 0 1 16 1 16 1 16 1 16 1 16 1 16 1 16 
0 55 1 240.723 282.894 0.618021 -0.786161 0.694595 -0.719401 1 100110101011000110001110 001111000100011101110001 3 0 1 1 0 0 0 1 1 0 0 0 0 0 1 1 0 0 0 0 14 1 16 1 16 1 16 1 16 
0 56 1 248.326 212.978 -0.953058 -0.302787 0.146512 -0.989209 1 100110101011000110001110 001111000100011101110001 3 0 1 1 0 0 0 1 1 0 0 0 0 0 1 1 0 0 0 0 14 1 16 1 16 1 16 1 16 
0 57 1 247.688 220.625 0.596864 0.802342 -0.486659 0.873592 1 100110101011000110001110 001111000100011101110001 3 0 1 1 0 0 0 1 1 0 0 0 0 0 1 1 0 0 0 1 16 1 16 1 16 1 16 1 16 1 16 1 16 
0 58 1 248.396 227 -0.672891 -0.739742 0.996437 0.0843441 1 100110101011000110001110 001111000100011101110001 3 0 1 1 0 0 0 1 1 0 0 0 0 0 1 1 0 0 0 1 16 1 16 1 16 1 16 1 16 1 16 
0 59 1 247.583 233.458 0.0554119 0.998464 0.329471 -0.944166 1 100110101011000110001110 001111000100011101110001 3 0 1 1 0 0 0 1 1 0 0 0 0 0 1 1 0 0 0 1 16 1 16 1 16 1 16 1 16 
0 60 1 248.18 240.92 -0.753778 -0.657129 -0.946127 0.323796 1 100110101011000110001110 001111000100011101110001 3 0 1 1 0 0 0 1 1 0 0 0 0 0 1 1 0 0 0 1 16 1 16 1 16 1 16 1 16 1 16 1 16 
0 61 1 248.429 248.204 0.0584827 -0.998288 -0.299149 -0.954206 1 100110101011000110001110 001111000100011101110001 3 0 1 1 0 0 0 1 1 0 0 0 0 0 1 1 0 0 0 1 16 1 16 1 16 1 16 1 16 1 16 1 16 
0 62 1 248.673 255.712 -0.849583 0.527456 0.485082 -0.874468 1 100110101011000110001110 001111000100011101110001 3 0 1 1 0 0 0 1 1 0 0 0 0 0 1 1 0 0 0 1 16 1 16 1 16 1 16 1 16 1 16 
0 63 1 248.02 261.92 -0.935402 0.353587 0.434299 0.900769 1 100110101011000110001110 001111000100011101110001 3 0 1 1 0 0 0 1 1 0 0 0 0 0 1 1 0 0 0 1 16 1 16 1 16 1 16 1 16 1 16 
0 64 1 248 268.913 0.525061 -0.851064 -0.682351 0.731025 1 100110101011000110001110 001111000100011101110001 3 0 1 1 0 0 0 1 1 0 0 0 0 0 1 1 0 0 0 1 16 1 16 1 16 1 16 1 16 1 16 
0 65 1 248.833 276.583 -0.186919 0.982375 0.584857 0.811136 1 100110101011000110001110 001111000100011101110001 3 0 1 1 0 0 0 1 1 0 0 0 0 0 1 1 0 0 0 1 16 1 16 1 16 1 16 1 16 1 16 
0 66 1 247.4 283.26 0.33164 -0.943406 -0.168394 -0.98572 1 100110101011000110001110 001111000100011101110001 3 0 1 1 0 0 0 1 1 0 0 0 0 0 1 1 0 0 0 0 14 1 16 1 16 1 16 1 16 
0 67 1 254.86 212.12 0.570332 0.821414 0.991697 -0.128594 1 100110101011000110001110 001111000100011101110001 3 0 1 1 0 0 0 1 1 0 0 0 0 0 1 1 0 0 0 0 14 1 16 1 16 1 16 
0 68 1 254.592 218.327 -0.999068 0.0431648 0.994282 -0.106784 1 100110101011000110001110 001111000100011101110001 3 0 1 1 0 0 0 1 1 0 0 0 0 0 1 1 0 0 0 1 16 1 16 1 16 1 16 1 16 1 16 
0 69 1 255.08 226.14 0.607871 -0.794036 0.742989 -0.669304 1 100110101011000110001110 001111000100011101110001 3 0 1 1 0 0 0 1 1 0 0 0 0 0 1 1 0 0 0 1 16 1 16 1 16 1 16 1 16 1 16 1 16 
0 70 1 253.959 234.265 0.167808 -0.98582 0.999297 -0.0375029 1 100110101011000110001110 001111000100011101110001 3 0 1 1 0 0 0 1 1 0 0 0 0 0 1 1 0 0 0 1 16 1 16 1 16 1 16 1 16 1 16 1 16 
0 71 1 255.191 241.085 -0.476659 0.879088 0.805297 0.592871 1 100110101011000110001110 001111000100011101110001 3 0 1 1 0 0 0 1 1 0 0 0 0 0 1 1 0 0 0 1 16 1 16 1 16 1 16 1 16 1 16 
0 72 1 255.8 248.64 -0.601973 -0.798516 0.94693 0.321441 1 100110101011000110001110 001111000100011101110001 3 0 1 1 0 0 0 1 1 0 0 0 0 0 1 1 0 0 0 1 16 1 16 1 16 1 16 1 16 1 16 1 16 
0 73 1 255.167 254.708 0.780009 -0.625768 0.0810539 0.99671 1 100110101011000110001110 001111000100011101110001 3 0 1 1 0 0 0 1 1 0 0 0 0 0 1 1 0 0 0 1 16 1 16 1 16 1 16 1 16 
0 74 1 254.894 262.468 0.987439 -0.157999 -0.13791 0.990445 1 100110101011000110001110 001111000100011101110001 3 0 1 1 0 0 0 1 1 0 0 0 0 0 1 1 0 0 0 1 16 1 16 1 16 1 16 1 16 1 16 1 16 
0 75 1 256 269.373 -0.945791 0.324777 0.118157 0.992995 1 100110101011000110001110 001111000100011101110001 3 0 1 1 0 0 0 1 1 0 0 0 0 0 1 1 0 0 0 1 16 1 16 1 16 1 16 1 16 
0 76 1 255.04 275.42 -0.873004 -0.487714 0.991228 -0.132164 1 100110101011000110001110 001111000100011101110001 3 0 1 1 0 0 0 1 1 0 0 0 0 0 1 1 0 0 0 1 16 1 16 1 16 1 16 1 16 1 16 1 16 
0 77 1 254.625 283.083 -0.882297 -0.470694 -0.269826 0.962909 1 100110101011000110001110 001111000100011101110001 3 0 1 1 0 0 0 1 1 0 0 0 0 0 1 1 0 0 0 0 14 1 16 1 16 1 16 1 16 
0 78 1 262.708 213.688 0.818348 0.574724 0.879528 -0.475847 1 100110101011000110001110 001111000100011101110001 3 0 1 1 0 0 0 1 1 0 0 0 0 0 1 1 0 0 0 0 14 1 16 1 16 1 16 1 16 1 16 
0 79 1 262 219.958 -0.513876 -0.857865 0.766155 -0.642656 1 100110101011000110001110 001111000100011101110001 3 0 1 1 0 0 0 1 1 0 0 0 0 0 1 1 0 0 0 1 16 1 16 1 16 1 16 1 16 1 16 
0 80 1 261.02 226.88 0.348957 0.937139 -0.719693 0.694292 1 100110101011000110001110 001111000100011101110001 3 0 1 1 0 0 0 1 1 0 0 0 0 0 1 1 0 0 0 1 16 1 16 1 16 1 16 1 16 
0 81 1 261.18 234.06 -0.946552 -0.322552 0.956019 -0.293306 1 100110101011000110001110 001111000100011101110001 3 0 1 1 0 0 0 1 1 0 0 0 0 0 1 1 0 0 0 1 16 1 16 1 16 1 16 1 16 1 16 1 16 
0 82 1 262.039 240.98 -0.80022 -0.599707 -0.72489 -0.688865 1 100110101011000110001110 001111000100011101110001 3 0 1 1 0 0 0 1 1 0 0 0 0 0 1 1 0 0 0 1 16 1 16 1 16 1 16 1 16 1 16 
0 83 1 262.24 247.28 -0.336846 -0.94156 0.918988 -0.394285 1 100110101011000110001110 001111000100011101110001 3 0 1 1 0 0 0 1 1 0 0 0 0 0 1 1 0 0 0 1 16 1 16 1 16 1 16 1 16 
0 84 1 262.125 255.604 -0.380819 -0.92465 -0.0856913 -0.996322 1 100110101011000110001110 001111000100011101110001 3 0 1 1 0 0 0 1 1 0 0 0 0 0 1 1 0 0 0 1 16 1 16 1 16 1 16 1 16 1 16 1 16 
0 85 1 262.204 262.592 0.997267 -0.0738875 0.611907 0.79093 1 100110101011000110001110 001111000100011101110001 3 0 1 1 0 0 0 1 1 0 0 0 0 0 1 1 0 0 0 1 16 1 16 1 16 1 16 1 16 1 16 1 16 
0 86 1 262.531 269.388 0.0842638 -0.996443 -0.0153828 -0.999882 1 100110101011000110001110 001111000100011101110001 3 0 1 1 0 0 0 1 1 0 0 0 0 0 1 1 0 0 0 1 16 1 16 1 16 1 16 1 16 1 16 
0 87 1 262.68 277.54 0.818441 0.574591 -0.881529 -0.47213 1 100110101011000110001110 001111000100011101110001 3 0 1 1 0 0 0 1 1 0 0 0 0 0 1 1 0 0 0 1 16 1 16 1 16 1 16 1 16 
0 88 1 261.388 283.51 0.993926 0.110052 -0.883573 -0.468294 1 100110101011000110001110 001111000100011101110001 3 0 1 1 0 0 0 1 1 0 0 0 0 0 1 1 0 0 0 0 14 1 16 1 16 1 16 1 16 
0 89 1 269.898 211.959 -0.891854 -0.452324 -0.693961 -0.720012 1 100110101011000110001110 001111000100011101110001 3 0 1 1 0 0 0 1 1 0 0 0 0 0 1 1 0 0 0 0 14 1 16 1 16 1 16 
0 90 1 269.471 219.333 0.966552 -0.256469 -0.704621 -0.709583 1 100110101011000110001110 001111000100011101110001 3 0 1 1 0 0 0 1 1 0 0 0 0 0 1 1 0 0 0 0 14 1 16 1 16 1 16 1 16 
0 91 1 267.808 226.942 -0.186501 -0.982455 -0.823997 0.566593 1 100110101011000110001110 001111000100011101110001 3 0 1 1 0 0 0 1 1 0 0 0 0 0 1 1 0 0 0 0 14 1 16 1 16 1 16 1 16 1 16 
0 92 1 269.157 234.49 -0.948861 -0.315694 0.142732 0.989761 1 100110101011000110001110 001111000100011101110001 3 0 1 1 0 0 0 1 1 0 0 0 0 0 1 1 0 0 0 0 14 1 16 1 16 1 16 1 16 
0 93 1 268.9 240.98 0.986313 0.164886 -0.707107 -0.707107 1 100110101011000110001110 001111000100011101110001 3 0 1 1 0 0 0 1 1 0 0 0 0 0 1 1 0 0 0 0 14 1 16 1 16 1 16 1 16 1 16 
0 94 1 269.041 248.367 -0.322374 -0.946612 0.798416 -0.602106 1 100110101011000110001110 001111000100011101110001 3 0 1 1 0 0 0 1 1 0 0 0 0 0 1 1 0 0 0 0 14 1 16 1 16 1 16 1 16 
0 95 1 268.638 254.83 -0.743009 0.669282 0.894427 0.447214 1 100110101011000110001110 001111000100011101110001 3 0 1 1 0 0 0 1 1 0 0 0 0 0 1 1 0 0 0 0 14 1 16 1 16 1 16 1 16 
0 96 1 270.08 261.54 -0.893638 0.448789 -0.0363537 -0.999339 1 100110101011000110001110 001111000100011101110001 3 0 1 1 0 0 0 1 1 0 0 0 0 0 1 1 0 0 0 0 14 1 16 1 16 1 16 
0 97 1 269.02 269.02 -0.907245 0.420603 -0.978369 -0.206869 1 100110101011000110001110 001111000100011101110001 3 0 1 1 0 0 0 1 1 0 0 0 0 0 1 1 0 0 0 0 14 1 16 1 16 1 16 1 16 
0 98 1 269.062 275.438 0.659142 0.752018 -0.6 0.8 1 100110101011000110001110 001111000100011101110001 3 0 1 1 0 0 0 1 1 0 0 0 0 0 1 1 0 0 0 0 14 1 16 1 16 1 16 1 16 
0 99 1 269.468 283.234 0.963609 0.267317 0.992586 -0.121541 1 100110101011000110001110 001111000100011101110001 3 0 1 1 0 0 0 1 1 0 0 0 0 0 1 1 0 0 0 0 14 1 16 1 16 1 16 
0 100 1 276.571 211.918 0.764169 -0.645017 0.949298 -0.314378 1 100110101011000110001110 001111000100011101110001 3 0 1 1 0 0 0 1 1 0 0 0 0 0 1 1 0 0 0 0 14 1 16 
1000 1 1 239.42 218.18 0.992893 0.119007 -0.110432 -0.993884 1001 100110101011000110001110 001111000100011101110001 3 0 1 1 0 0 0 1 1 0 0 0 0 0 1 1 0 0 0 1 16 1 16 1 16 1 16 1 16 
1000 2 1 213.776 228.735 0.771691 0.635998 -0.830296 -0.557322 1001 100110101011000110001110 001111000100011101110001 3 0 1 1 0 0 0 1 1 0 0 0 0 0 1 1 0 0 0 0 14 1 16 1 16 1 16 1 16 1 16 
1000 3 1 218.458 241.125 -0.995893 0.0905357 0.470225 -0.882546 1001 100110101011000110001110 001111000100011101110001 3 0 1 1 0 0 0 1 1 0 0 0 0 0 1 1 0 0 0 1 16 1 16 1 16 1 16 1 16 1 16 
1000 4 1 231.882 225.961 0.781041 -0.62448 -0.124035 0.992278 1001 100110101011000110001110 001111000100011101110001 3 0 1 1 0 0 0 1 1 0 0 0 0 0 1 1 0 0 0 1 16 1 16 1 16 1 16 1 16 1 16 
1000 5 1 198.714 255.776 -0.962958 -0.269651 0.748152 -0.663528 1001 100110101011000110001110 001111000100011101110001 3 0 1 1 0 0 0 1 1 0 0 0 0 0 1 1 0 0 0 0 14 1 16 1 16 1 16 
1000 6 1 207.809 232.809 -0.928934 0.370246 0.571369 0.820693 1001 100110101011000110001110 001111000100011101110001 3 0 1 1 0 0 0 1 1 0 0 0 0 0 1 1 0 0 0 0 14 1 16 1 16 1 16 1 16 
1000 7 1 204.792 239.208 -0.941507 -0.336993 0.481722 0.876324 1001 100110101011000110001110 001111000100011101110001 3 0 1 1 0 0 0 1 1 0 0 0 0 0 1 1 0 0 0 0 14 1 16 1 16 1 16 
1000 8 1 196.061 249.163 -0.968935 -0.247317 0.341184 -0.939997 1001 100110101011000110001110 001111000100011101110001 3 0 1 1 0 0 0 1 1 0 0 0 0 0 1 1 0 0 0 0 14 1 16 1 16 1 16 
1000 9 1 201.49 245.02 -0.894238 -0.447592 0.888566 0.458748 1001 100110101011000110001110 001111000100011101110001 3 0 1 1 0 0 0 1 1 0 0 0 0 0 1 1 0 0 0 0 14 1 16 1 16 1 16 1 16 1 16 
1000 10 1 203.49 260.816 -0.571687 -0.820472 -0.943363 0.331764 1001 100110101011000110001110 001111000100011101110001 3 0 1 1 0 0 0 1 1 0 0 0 0 0 1 1 0 0 0 0 14 1 16 1 16 1 16 1 16 
1000 11 1 207.68 266.86 -0.620894 0.783894 0.94635 -0.323144 1001 100110101011000110001110 001111000100011101110001 3 0 1 1 0 0 0 1 1 0 0 0 0 0 1 1 0 0 0 0 14 1 16 1 16 1 16 1 16 
1000 12 1 217.76 223.64 -0.135113 0.99083 -0.957715 0.287717 1001 100110101011000110001110 001111000100011101110001 3 0 1 1 0 0 0 1 1 0 0 0 0 0 1 1 0 0 0 0 14 1 16 1 16 1 16 1 16 1 16 
1000 13 1 224.681 224.638 0.228633 0.973513 0.998984 -0.0450669 1001 100110101011000110001110 001111000100011101110001 3 0 1 1 0 0 0 1 1 0 0 0 0 0 1 1 0 0 0 1 16 1 16 1 16 1 16 1 16 
1000 14 1 223.608 230.333 0.996133 0.0878598 -0.912113 0.409939 1001 100110101011000110001110 001111000100011101110001 3 0 1 1 0 0 0 1 1 0 0 0 0 0 1 1 0 0 0 1 16 1 16 1 16 1 16 1 16 1 16 
1000 15 1 226.562 242.167 -0.0959868 0.995383 -0.985549 0.169391 1001 100110101011000110001110 001111000100011101110001 3 0 1 1 0 0 0 1 1 0 0 0 0 0 1 1 0 0 0 1 16 1 16 1 16 1 16 1 16 1 16 
1000 16 1 214.604 246.875 -0.996947 0.0780757 -0.0926234 -0.995701 1001 100110101011000110001110 001111000100011101110001 3 0 1 1 0 0 0 1 1 0 0 0 0 0 1 1 0 0 0 1 16 1 16 1 16 1 16 1 16 
1000 17 1 214.638 235.128 -0.25311 -0.967437 -0.263815 0.964573 1001 100110101011000110001110 001111000100011101110001 3 0 1 1 0 0 0 1 1 0 0 0 0 0 1 1 0 0 0 1 16 1 16 1 16 1 16 1 16 
1000 18 1 209.92 250.46 -0.886135 -0.463427 -0.605711 -0.795684 1001 100110101011000110001110 001111000100011101110001 3 0 1 1 0 0 0 1 1 0 0 0 0 0 1 1 0 0 0 1 16 1 16 1 16 1 16 1 16 1 16 
1000 19 1 204.553 252.149 -0.721864 -0.692035 -0.501949 -0.864897 1001 100110101011000110001110 001111000100011101110001 3 0 1 1 0 0 0 1 1 0 0 0 0 0 1 1 0 0 0 1 16 1 16 1 16 1 16 1 16 1 16 
1000 20 1 215.077 263.212 -0.99999 0.00442082 0.189979 -0.981788 1001 100110101011000110001110 001111000100011101110001 3 0 1 1 0 0 0 1 1 0 0 0 0 0 1 1 0 0 0 1 16 1 16 1 16 1 16 1 16 1 16 
1000 21 1 222.857 264.959 0.752096 -0.659054 0.715126 -0.698995 1001 100110101011000110001110 001111000100011101110001 3 0 1 1 0 0 0 1 1 0 0 0 0 0 1 1 0 0 0 1 16 1 16 1 16 1 16 1 16 
1000 22 1 214 270 0.697783 -0.716309 -0.7943 0.607526 1001 100110101011000110001110 001111000100011101110001 3 0 1 1 0 0 0 1 1 0 0 0 0 0 1 1 0 0 0 0 14 1 16 1 16 1 16 1 16 1 16 
1000 23 1 221.28 209.2 -0.993605 -0.11291 -0.369223 0.929341 1001 100110101011000110001110 001111000100011101110001 3 0 1 1 0 0 0 1 1 0 0 0 0 0 1 1 0 0 0 0 14 1 16 1 16 1 16 1 16 
1000 24 1 218.68 216.12 0.165153 -0.986268 -0.406138 0.913812 1001 100110101011000110001110 001111000100011101110001 3 0 1 1 0 0 0 1 1 0 0 0 0 0 1 1 0 0 0 0 14 1 16 1 16 1 16 
1000 25 1 234.06 210.68 -0.895308 -0.445448 0.466582 -0.884478 1001 100110101011000110001110 001111000100011101110001 3 0 1 1 0 0 0 1 1 0 0 0 0 0 1 1 0 0 0 1 16 1 16 1 16 1 16 1 16 1 16 
1000 26 1 232.642 219.453 0.164399 -0.986394 -0.908091 -0.418773 1001 100110101011000110001110 001111000100011101110001 3 0 1 1 0 0 0 1 1 0 0 0 0 0 1 1 0 0 0 1 16 1 16 1 16 1 16 1 16 1 16 1 16 
1000 27 1 216.396 254.938 -0.794358 -0.60745 0.301014 -0.95362 1001 100110101011000110001110 001111000100011101110001 3 0 1 1 0 0 0 1 1 0 0 0 0 0 1 1 0 0 0 1 16 1 16 1 16 1 16 1 16 1 16 
1000 28 1 210.3 241.78 0 -1 -0.447214 -0.894427 1001 100110101011000110001110 001111000100011101110001 3 0 1 1 0 0 0 1 1 0 0 0 0 0 1 1 0 0 0 1 16 1 16 1 16 1 16 1 16 1 16 1 16 
1000 29 1 229.204 262.367 0.981649 -0.190698 -0.998415 0.0562865 1001 100110101011000110001110 001111000100011101110001 3 0 1 1 0 0 0 1 1 0 0 0 0 0 1 1 0 0 0 1 16 1 16 1 16 1 16 1 16 1 16 1 16 
1000 30 1 223.196 270.784 -0.900152 0.435575 -0.956216 0.292663 1001 100110101011000110001110 001111000100011101110001 3 0 1 1 0 0 0 1 1 0 0 0 0 0 1 1 0 0 0 1 16 1 16 1 16 1 16 1 16 1 16 1 16 
1000 31 1 209.735 258.612 -0.120711 -0.992688 -0.617822 0.786318 1001 100110101011000110001110 001111000100011101110001 3 0 1 1 0 0 0 1 1 0 0 0 0 0 1 1 0 0 0 1 16 1 16 1 16 1 16 1 16 1 16 
1000 32 1 217.735 275 -0.732793 -0.680451 -0.761701 0.647928 1001 100110101011000110001110 001111000100011101110001 3 0 1 1 0 0 0 1 1 0 0 0 0 0 1 1 0 0 0 0 14 1 16 1 16 1 16 
1000 33 1 234.24 281.84 0.516883 0.856056 -0.989665 -0.143396 1001 100110101011000110001110 001111000100011101110001 3 0 1 1 0 0 0 1 1 0 0 0 0 0 1 1 0 0 0 0 14 1 16 1 16 1 16 1 16 
1000 34 1 227.84 211.12 -0.678859 0.734269 0.793606 0.608432 1001 100110101011000110001110 001111000100011101110001 3 0 1 1 0 0 0 1 1 0 0 0 0 0 1 1 0 0 0 1 16 1 16 1 16 1 16 1 16 1 16 
1000 35 1 225.04 217.84 -0.727297 0.686323 0.0282822 -0.9996 1001 100110101011000110001110 001111000100011101110001 3 0 1 1 0 0 0 1 1 0 0 0 0 0 1 1 0 0 0 1 16 1 16 1 16 1 16 1 16 1 16 
1000 36 1 240.542 225.604 0.98178 -0.190022 0.946773 -0.321903 1001 100110101011000110001110 001111000100011101110001 3 0 1 1 0 0 0 1 1 0 0 0 0 0 1 1 0 0 0 1 16 1 16 1 16 1 16 1 16 1 16 1 16 
1000 37 1 222.204 236.224 -0.98912 0.147112 -0.0905357 -0.995893 1001 100110101011000110001110 001111000100011101110001 3 0 1 1 0 0 0 1 1 0 0 0 0 0 1 1 0 0 0 1 16 1 16 1 16 1 16 1 16 1 16 
1000 38 1 221.275 248.882 -0.948186 -0.317714 -0.621192 0.783658 1001 100110101011000110001110 001111000100011101110001 3 0 1 1 0 0 0 1 1 0 0 0 0 0 1 1 0 0 0 1 16 1 16 1 16 1 16 1 16 1 16 1 16 
1000 39 1 227.551 248.796 -0.695254 0.718765 -0.956241 0.292581 1001 100110101011000110001110 001111000100011101110001 3 0 1 1 0 0 0 1 1 0 0 0 0 0 1 1 0 0 0 1 16 1 16 1 16 1 16 1 16 1 16 
1000 40 1 243.76 257.32 0.773128 0.634251 -0.524595 -0.851352 1001 100110101011000110001110 001111000100011101110001 3 0 1 1 0 0 0 1 1 0 0 0 0 0 1 1 0 0 0 1 16 1 16 1 16 1 16 1 16 1 16 
1000 41 1 221.542 258.021 -0.999674 0.0255251 -0.437439 -0.899248 1001 100110101011000110001110 001111000100011101110001 3 0 1 1 0 0 0 1 1 0 0 0 0 0 1 1 0 0 0 1 16 1 16 1 16 1 16 1 16 1 16 1 16 
1000 42 1 230.714 275.633 -0.256435 0.966562 0.898824 0.43831 1001 100110101011000110001110 001111000100011101110001 3 0 1 1 0 0 0 1 1 0 0 0 0 0 1 1 0 0 0 1 16 1 16 1 16 1 16 1 16 1 16 1 16 
1000 43 1 240.26 276.06 0.0714221 -0.997446 -0.0716862 -0.997427 1001 100110101011000110001110 001111000100011101110001 3 0 1 1 0 0 0 1 1 0 0 0 0 0 1 1 0 0 0 1 16 1 16 1 16 1 16 1 16 1 16 
1000 44 1 223.3 278.64 -0.915875 0.401464 -0.507692 -0.861538 1001 100110101011000110001110 001111000100011101110001 3 0 1 1 0 0 0 1 1 0 0 0 0 0 1 1 0 0 0 0 14 1 16 1 16 1 16 1 16 
1000 45 1 228.122 203.429 -1 0 0.593199 0.805056 1001 100110101011000110001110 001111000100011101110001 3 0 1 1 0 0 0 1 1 0 0 0 0 0 1 1 0 0 0 0 14 1 16 1 16 1 16 
1000 46 1 242.043 208.457 -0.491657 -0.870789 -0.0883488 0.99609 1001 100110101011000110001110 001111000100011101110001 3 0 1 1 0 0 0 1 1 0 0 0 0 0 1 1 0 0 0 0 14 1 16 1 16 1 16 1 16 
1000 47 1 237.633 230.286 0.673754 -0.738956 0 -1 1001 100110101011000110001110 001111000100011101110001 3 0 1 1 0 0 0 1 1 0 0 0 0 0 1 1 0 0 0 1 16 1 16 1 16 1 16 1 16 
1000 48 1 230.235 233.765 -0.928477 0.371391 -0.671097 -0.741369 1001 100110101011000110001110 001111000100011101110001 3 0 1 1 0 0 0 1 1 0 0 0 0 0 1 1 0 0 0 1 16 1 16 1 16 1 16 1 16 1 16 1 16 
1000 49 1 242.265 250.469 -0.967176 0.254108 -0.680708 -0.732555 1001 100110101011000110001110 001111000100011101110001 3 0 1 1 0 0 0 1 1 0 0 0 0 0 1 1 0 0 0 1 16 1 16 1 16 1 16 1 16 1 16 
1000 50 1 234.58 248.2 -0.807309 -0.590129 0.514496 -0.857493 1001 100110101011000110001110 001111000100011101110001 3 0 1 1 0 0 0 1 1 0 0 0 0 0 1 1 0 0 0 1 16 1 16 1 16 1 16 1 16 1 16 1 16 
1000 51 1 235.635 255.25 0.538478 -0.842639 -0.0302891 0.999541 1001 100110101011000110001110 001111000100011101110001 3 0 1 1 0 0 0 1 1 0 0 0 0 0 1 1 0 0 0 1 16 1 16 1 16 1 16 1 16 1 16 
1000 52 1 236.72 261.52 -0.943021 -0.332732 0.975587 -0.219613 1001 100110101011000110001110 001111000100011101110001 3 0 1 1 0 0 0 1 1 0 0 0 0 0 1 1 0 0 0 1 16 1 16 1 16 1 16 1 16 1 16 
1000 53 1 231.531 268.612 -0.334748 0.942308 -0.457583 0.889167 1001 100110101011000110001110 001111000100011101110001 3 0 1 1 0 0 0 1 1 0 0 0 0 0 1 1 0 0 0 1 16 1 16 1 16 1 16 1 16 
1000 54 1 237.314 270.196 -0.696375 0.717679 -0.999385 -0.0350661 1001 100110101011000110001110 001111000100011101110001 3 0 1 1 0 0 0 1 1 0 0 0 0 0 1 1 0 0 0 1 16 1 16 1 16 1 16 1 16 1 16 
1000 55 1 228.16 283.08 0.822136 -0.569292 0.886053 -0.463583 1001 100110101011000110001110 001111000100011101110001 3 0 1 1 0 0 0 1 1 0 0 0 0 0 1 1 0 0 0 0 14 1 16 1 16 1 16 
1000 56 1 260.449 223.245 0.0711459 0.997466 -0.560657 -0.828048 1001 100110101011000110001110 001111000100011101110001 3 0 1 1 0 0 0 1 1 0 0 0 0 0 1 1 0 0 0 0 14 1 16 1 16 1 16 1 16 1 16 
1000 57 1 246.36 222.6 -0.0454077 0.998969 -0.711901 -0.70228 1001 100110101011000110001110 001111000100011101110001 3 0 1 1 0 0 0 1 1 0 0 0 0 0 1 1 0 0 0 1 16 1 16 1 16 1 16 1 16 1 16 
1000 58 1 235.245 204.102 -0.894427 -0.447214 0.978788 -0.204875 1001 100110101011000110001110 001111000100011101110001 3 0 1 1 0 0 0 1 1 0 0 0 0 0 1 1 0 0 0 0 14 1 16 1 16 1 16 1 16 
1000 59 1 248.5 214.76 -0.706956 0.707257 0.319888 0.947455 1001 100110101011000110001110 001111000100011101110001 3 0 1 1 0 0 0 1 1 0 0 0 0 0 1 1 0 0 0 0 14 1 16 1 16 1 16 1 16 1 16 
1000 60 1 228.396 255.292 -0.631795 0.775135 -0.997982 -0.0634944 1001 100110101011000110001110 001111000100011101110001 3 0 1 1 0 0 0 1 1 0 0 0 0 0 1 1 0 0 0 1 16 1 16 1 16 1 16 1 16 1 16 
1000 61 1 241.688 244.042 -0.998274 -0.058722 0.950624 -0.310346 1001 100110101011000110001110 001111000100011101110001 3 0 1 1 0 0 0 1 1 0 0 0 0 0 1 1 0 0 0 1 16 1 16 1 16 1 16 1 16 1 16 
1000 62 1 249.824 259.51 -0.645545 -0.763722 0.249878 -0.968277 1001 100110101011000110001110 001111000100011101110001 3 0 1 1 0 0 0 1 1 0 0 0 0 0 1 1 0 0 0 1 16 1 16 1 16 1 16 1 16 1 16 
1000 63 1 251.612 252.51 0.674779 -0.73802 -0.791083 0.611709 1001 100110101011000110001110 001111000100011101110001 3 0 1 1 0 0 0 1 1 0 0 0 0 0 1 1 0 0 0 1 16 1 16 1 16 1 16 1 16 1 16 1 16 
1000 64 1 244.021 281.896 -0.756026 0.654542 -0.455772 0.890096 1001 100110101011000110001110 001111000100011101110001 3 0 1 1 0 0 0 1 1 0 0 0 0 0 1 1 0 0 0 0 14 1 16 1 16 1 16 1 16 
1000 65 1 250.14 279.44 -0.234362 -0.972149 -0.5547 -0.83205 1001 100110101011000110001110 001111000100011101110001 3 0 1 1 0 0 0 1 1 0 0 0 0 0 1 1 0 0 0 0 14 1 16 1 16 1 16 1 16 1 16 
1000 66 1 238.633 285.735 -0.77811 0.628128 0.0223825 -0.999749 1001 100110101011000110001110 001111000100011101110001 3 0 1 1 0 0 0 1 1 0 0 0 0 0 1 1 0 0 0 0 14 1 16 1 16 1 16 
1000 67 1 252.959 225.98 -0.644264 0.764803 -0.976868 0.213842 1001 100110101011000110001110 001111000100011101110001 3 0 1 1 0 0 0 1 1 0 0 0 0 0 1 1 0 0 0 1 16 1 16 1 16 1 16 1 16 1 16 1 16 
1000 68 1 241.708 214 -0.299898 -0.953971 0.209529 -0.977802 1001 100110101011000110001110 001111000100011101110001 3 0 1 1 0 0 0 1 1 0 0 0 0 0 1 1 0 0 0 1 16 1 16 1 16 1 16 1 16 
1000 69 1 255.021 234.5 -0.578463 0.815709 0.932306 -0.36167 1001 100110101011000110001110 001111000100011101110001 3 0 1 1 0 0 0 1 1 0 0 0 0 0 1 1 0 0 0 1 16 1 16 1 16 1 16 1 16 1 16 1 16 
1000 70 1 244.02 235.3 -0.173223 0.984883 -0.885518 0.464606 1001 100110101011000110001110 001111000100011101110001 3 0 1 1 0 0 0 1 1 0 0 0 0 0 1 1 0 0 0 1 16 1 16 1 16 1 16 1 16 1 16 
1000 71 1 232.898 240.469 -0.983754 0.179523 -0.699818 0.714322 1001 100110101011000110001110 001111000100011101110001 3 0 1 1 0 0 0 1 1 0 0 0 0 0 1 1 0 0 0 1 16 1 16 1 16 1 16 1 16 
1000 72 1 237.94 237.94 -0.945822 -0.324685 -0.0987792 -0.995109 1001 100110101011000110001110 001111000100011101110001 3 0 1 1 0 0 0 1 1 0 0 0 0 0 1 1 0 0 0 1 16 1 16 1 16 1 16 1 16 1 16 
1000 73 1 248.96 247.58 -0.912161 -0.409833 -0.707616 -0.706598 1001 100110101011000110001110 001111000100011101110001 3 0 1 1 0 0 0 1 1 0 0 0 0 0 1 1 0 0 0 1 16 1 16 1 16 1 16 1 16 
1000 74 1 246.408 273.184 0.465188 0.885212 -0.823508 -0.567305 1001 100110101011000110001110 001111000100011101110001 3 0 1 1 0 0 0 1 1 0 0 0 0 0 1 1 0 0 0 1 16 1 16 1 16 1 16 1 16 1 16 1 16 
1000 75 1 254.06 270.46 0.266241 -0.963906 0.995254 -0.0973137 1001 100110101011000110001110 001111000100011101110001 3 0 1 1 0 0 0 1 1 0 0 0 0 0 1 1 0 0 0 1 16 1 16 1 16 1 16 1 16 1 16 
1000 76 1 261.106 265.851 -0.195965 -0.980611 0.777897 -0.628391 1001 100110101011000110001110 001111000100011101110001 3 0 1 1 0 0 0 1 1 0 0 0 0 0 1 1 0 0 0 0 14 1 16 1 16 1 16 1 16 
1000 77 1 257.22 274.9 -0.438835 -0.898568 -0.111826 -0.993728 1001 100110101011000110001110 001111000100011101110001 3 0 1 1 0 0 0 1 1 0 0 0 0 0 1 1 0 0 0 1 16 1 16 1 16 1 16 1 16 1 16 
1000 78 1 270.408 220.592 0.404164 0.914687 -0.0325031 -0.999472 1001 100110101011000110001110 001111000100011101110001 3 0 1 1 0 0 0 1 1 0 0 0 0 0 1 1 0 0 0 1 16 1 16 1 16 1 16 1 16 
1000 79 1 274.396 226.854 0.148582 0.9889 0.907041 0.421043 1001 100110101011000110001110 001111000100011101110001 3 0 1 1 0 0 0 1 1 0 0 0 0 0 1 1 0 0 0 0 14 1 16 1 16 1 16 
1000 80 1 267.2 225.88 -0.271957 0.962309 0.494594 0.869124 1001 100110101011000110001110 001111000100011101110001 3 0 1 1 0 0 0 1 1 0 0 0 0 0 1 1 0 0 0 0 14 1 16 1 16 1 16 1 16 1 16 
1000 81 1 248.375 239.604 -0.355263 0.934766 -0.901425 0.432936 1001 100110101011000110001110 001111000100011101110001 3 0 1 1 0 0 0 1 1 0 0 0 0 0 1 1 0 0 0 1 16 1 16 1 16 1 16 1 16 1 16 
1000 82 1 248.647 230.882 -0.772032 0.635584 0.948788 0.315913 1001 100110101011000110001110 001111000100011101110001 3 0 1 1 0 0 0 1 1 0 0 0 0 0 1 1 0 0 0 1 16 1 16 1 16 1 16 1 16 1 16 
1000 83 1 259.54 239.9 0.547668 -0.836695 -0.991088 -0.133205 1001 100110101011000110001110 001111000100011101110001 3 0 1 1 0 0 0 1 1 0 0 0 0 0 1 1 0 0 0 1 16 1 16 1 16 1 16 1 16 
1000 84 1 266.457 241.478 0.766314 -0.642466 0.728589 -0.684951 1001 100110101011000110001110 001111000100011101110001 3 0 1 1 0 0 0 1 1 0 0 0 0 0 1 1 0 0 0 0 14 1 16 1 16 1 16 1 16 
1000 85 1 265.28 249.62 0.582485 -0.812842 -0.499769 -0.866159 1001 100110101011000110001110 001111000100011101110001 3 0 1 1 0 0 0 1 1 0 0 0 0 0 1 1 0 0 0 0 14 1 16 1 16 1 16 
1000 86 1 242.54 265.26 -0.992434 0.122775 -0.951903 0.306399 1001 100110101011000110001110 001111000100011101110001 3 0 1 1 0 0 0 1 1 0 0 0 0 0 1 1 0 0 0 1 16 1 16 1 16 1 16 1 16 1 16 
1000 87 1 262.809 277.149 -0.644263 -0.764804 -0.184178 -0.982893 1001 100110101011000110001110 001111000100011101110001 3 0 1 1 0 0 0 1 1 0 0 0 0 0 1 1 0 0 0 0 14 1 16 1 16 1 16 
1000 88 1 257.059 282.314 -0.909043 -0.416702 0.991987 0.126344 1001 100110101011000110001110 001111000100011101110001 3 0 1 1 0 0 0 1 1 0 0 0 0 0 1 1 0 0 0 0 14 1 16 1 16 1 16 
1000 89 1 255.083 219.771 -0.779315 0.626633 0.990135 0.14012 1001 100110101011000110001110 001111000100011101110001 3 0 1 1 0 0 0 1 1 0 0 0 0 0 1 1 0 0 0 0 14 1 16 1 16 1 16 
1000 90 1 273.5 214.583 0.767359 0.641218 0.524566 -0.85137 1001 100110101011000110001110 001111000100011101110001 3 0 1 1 0 0 0 1 1 0 0 0 0 0 1 1 0 0 0 0 14 1 16 1 16 1 16 
1000 91 1 278.184 220.224 0.397943 0.91741 -0.454149 -0.890926 1001 100110101011000110001110 001111000100011101110001 3 0 1 1 0 0 0 1 1 0 0 0 0 0 1 1 0 0 0 0 14 1 16 1 16 1 16 
1000 92 1 261.18 229.96 -0.420185 -0.907438 0.578992 0.815333 1001 100110101011000110001110 001111000100011101110001 3 0 1 1 0 0 0 1 1 0 0 0 0 0 1 1 0 0 0 0 14 1 16 1 16 1 16 1 16 1 16 
1000 93 1 254.065 243.304 0.657975 0.75304 -0.0312348 0.999512 1001 100110101011000110001110 001111000100011101110001 3 0 1 1 0 0 0 1 1 0 0 0 0 0 1 1 0 0 0 1 16 1 16 1 16 1 16 1 16 1 16 
1000 94 1 264.62 234.94 -0.193256 -0.981148 0.874003 -0.48592 1001 100110101011000110001110 001111000100011101110001 3 0 1 1 0 0 0 1 1 0 0 0 0 0 1 1 0 0 0 0 14 1 16 1 16 1 16 1 16 
1000 95 1 259.75 247.788 0.358347 -0.933588 0.714434 0.699703 1001 100110101011000110001110 001111000100011101110001 3 0 1 1 0 0 0 1 1 0 0 0 0 0 1 1 0 0 0 1 16 1 16 1 16 1 16 1 16 1 16 
1000 96 1 257.592 255.367 -0.0330995 -0.999452 -0.939138 0.343541 1001 100110101011000110001110 001111000100011101110001 3 0 1 1 0 0 0 1 1 0 0 0 0 0 1 1 0 0 0 0 14 1 16 1 16 1 16 1 16 1 16 
1000 97 1 249.479 266.479 -0.911789 -0.41066 -0.490261 0.871576 1001 100110101011000110001110 001111000100011101110001 3 0 1 1 0 0 0 1 1 0 0 0 0 0 1 1 0 0 0 1 16 1 16 1 16 1 16 1 16 
1000 98 1 256.98 262.082 -0.268355 -0.96332 -0.999901 -0.0140831 1001 100110101011000110001110 001111000100011101110001 3 0 1 1 0 0 0 1 1 0 0 0 0 0 1 1 0 0 0 0 14 1 16 1 16 1 16 1 16 1 16 
1000 99 1 265.612 270.816 -0.590777 -0.806835 0.844948 0.534849 1001 100110101011000110001110 001111000100011101110001 3 0 1 1 0 0 0 1 1 0 0 0 0 0 1 1 0 0 0 0 14 1 16 1 16 1 16 
1000 100 1 265.3 216.54 0.806357 0.591429 0.978805 0.204796 1001 100110101011000110001110 001111000100011101110001 3 0 1 1 0 0 0 1 1 0 0 0 0 0 1 1 0 0 0 0 14 1 16 1 16 1 16 1 16 
