0 1 1 215.3 212.5 -0.920243 0.391347 0.652709 -0.757609 1 000000000000000000000000 000000000000000000111111 3 0 1 1 0 0 0 1 1 0 0 0 0 0 1 1 0 0 0 0 8 
0 2 1 212.923 220.231 0.987346 0.158582 -0.948683 -0.316228 1 000000000000000000000000 000000000000000000111111 3 0 1 1 0 0 0 1 1 0 0 0 0 0 1 1 0 0 0 0 8 1 40 
0 3 1 213.818 228.273 -0.999127 -0.0417765 -0.621395 -0.783498 1 000000000000000000000000 000000000000000000111111 3 0 1 1 0 0 0 1 1 0 0 0 0 0 1 1 0 0 0 0 8 1 40 1 40 
0 4 1 210.933 233.2 0.706582 0.707631 -0.43073 0.902481 1 000000000000000000000000 000000000000000000111111 3 0 1 1 0 0 0 1 1 0 0 0 0 0 1 1 0 0 0 0 8 1 40 
0 5 1 214.154 242.923 -0.105081 -0.994464 -0.263117 0.964764 1 000000000000000000000000 000000000000000000111111 3 0 1 1 0 0 0 1 1 0 0 0 0 0 1 1 0 0 0 0 8 1 40 
0 6 1 216 246.556 -0.204714 -0.978822 -0.419058 0.907959 1 000000000000000000000000 000000000000000000111111 3 0 1 1 0 0 0 1 1 0 0 0 0 0 1 1 0 0 0 0 8 1 40 
0 7 1 212.5 254 -0.835018 0.550222 -0.508941 -0.860801 1 000000000000000000000000 000000000000000000111111 3 0 1 1 0 0 0 1 1 0 0 0 0 0 1 1 0 0 0 0 8 
0 8 1 212.083 262.667 -0.606808 0.794849 0.995893 -0.0905357 1 000000000000000000000000 000000000000000000111111 3 0 1 1 0 0 0 1 1 0 0 0 0 0 1 1 0 0 0 0 8 
0 9 1 212.077 268.462 0.623252 0.782021 -0.0752577 0.997164 1 000000000000000000000000 000000000000000000111111 3 0 1 1 0 0 0 1 1 0 0 0 0 0 1 1 0 0 0 0 8 
0 10 1 212.667 274.5 -0.945171 -0.326575 0.897171 -0.441684 1 000000000000000000000000 000000000000000000111111 3 0 1 1 0 0 0 1 1 0 0 0 0 0 1 1 0 0 0 0 8 
0 11 1 210.071 280.071 0.746293 -0.665618 0.83205 -0.5547 1 000000000000000000000000 000000000000000000111111 3 0 1 1 0 0 0 1 1 0 0 0 0 0 1 1 0 0 0 0 8 
0 12 1 220.333 214.667 0.999617 -0.027672 -0.408131 -0.912924 1 000000000000000000000000 000000000000000000111111 3 0 1 1 0 0 0 1 1 0 0 0 0 0 1 1 0 0 0 0 8 
0 13 1 219.429 221.286 0.681224 -0.732075 -0.999692 -0.0248371 1 000000000000000000000000 000000000000000000111111 3 0 1 1 0 0 0 1 1 0 0 0 0 0 1 1 0 0 0 0 8 1 40 
0 14 1 217.9 226.9 -0.332374 -0.943148 0.187776 -0.982212 1 000000000000000000000000 000000000000000000111111 3 0 1 1 0 0 0 1 1 0 0 0 0 0 1 1 0 0 0 0 8 1 40 
0 15 1 219.727 231.455 0.786273 0.617879 -0.650791 0.759257 1 000000000000000000000000 000000000000000000111111 3 0 1 1 0 0 0 1 1 0 0 0 0 0 1 1 0 0 0 0 8 
0 16 1 214.615 239.385 0.990761 0.135619 0.0644723 0.997919 1 000000000000000000000000 000000000000000000111111 3 0 1 1 0 0 0 1 1 0 0 0 0 0 1 1 0 0 0 0 8 1 40 1 40 
0 17 1 220.583 248.083 -0.309384 0.950937 -0.91707 -0.398726 1 000000000000000000000000 000000000000000000111111 3 0 1 1 0 0 0 1 1 0 0 0 0 0 1 1 0 0 0 0 8 
0 18 1 221.071 256.429 0.357996 -0.933723 -0.0995037 0.995037 1 000000000000000000000000 000000000000000000111111 3 0 1 1 0 0 0 1 1 0 0 0 0 0 1 1 0 0 0 0 8 
0 19 1 222.429 261.786 0.996411 0.0846435 -0.974391 -0.22486 1 000000000000000000000000 000000000000000000111111 3 0 1 1 0 0 0 1 1 0 0 0 0 0 1 1 0 0 0 0 8 1 40 
0 20 1 219.9 271.2 0.9984 0.0565488 0.438565 0.898699 1 000000000000000000000000 000000000000000000111111 3 0 1 1 0 0 0 1 1 0 0 0 0 0 1 1 0 0 0 0 8 1 40 
0 21 1 219.188 278 0.994766 -0.102182 0.980129 0.19836 1 000000000000000000000000 000000000000000000111111 3 0 1 1 0 0 0 1 1 0 0 0 0 0 1 1 0 0 0 0 8 1 40 1 40 
0 22 1 219.308 282.846 0.716332 -0.697759 0.631784 0.775144 1 000000000000000000000000 000000000000000000111111 3 0 1 1 0 0 0 1 1 0 0 0 0 0 1 1 0 0 0 0 8 1 40 
0 23 1 227 214.688 0.879456 -0.475981 -0.452231 -0.891901 1 000000000000000000000000 000000000000000000111111 3 0 1 1 0 0 0 1 1 0 0 0 0 0 1 1 0 0 0 0 8 1 40 
0 24 1 229.75 218.75 -0.031837 -0.999493 -0.8 0.6 1 000000000000000000000000 000000000000000000111111 3 0 1 1 0 0 0 1 1 0 0 0 0 0 1 1 0 0 0 0 8 1 40 
0 25 1 223.5 225.333 -0.298132 -0.954525 0.818588 -0.574381 1 000000000000000000000000 000000000000000000111111 3 0 1 1 0 0 0 1 1 0 0 0 0 0 1 1 0 0 0 0 8 
0 26 1 225.923 234.923 -0.362183 -0.932107 -0.248183 -0.968713 1 000000000000000000000000 000000000000000000111111 3 0 1 1 0 0 0 1 1 0 0 0 0 0 1 1 0 0 0 0 8 
0 27 1 229.75 241.75 -0.908085 -0.418787 0.666016 0.745938 1 000000000000000000000000 000000000000000000111111 3 0 1 1 0 0 0 1 1 0 0 0 0 0 1 1 0 0 0 0 8 1 40 
0 28 1 230.077 248.538 -0.504174 0.863602 0.985097 0.172001 1 000000000000000000000000 000000000000000000111111 3 0 1 1 0 0 0 1 1 0 0 0 0 0 1 1 0 0 0 0 8 1 40 
0 29 1 228.118 255.294 0.823326 0.567569 0.740381 0.672188 1 000000000000000000000000 000000000000000000111111 3 0 1 1 0 0 0 1 1 0 0 0 0 0 1 1 0 0 0 0 8 1 40 
0 30 1 229.5 261 -0.481668 0.876354 -0.316228 -0.948683 1 000000000000000000000000 000000000000000000111111 3 0 1 1 0 0 0 1 1 0 0 0 0 0 1 1 0 0 0 0 8 1 40 
0 31 1 222.583 266.75 -0.434823 -0.900516 -0.658505 0.752577 1 000000000000000000000000 000000000000000000111111 3 0 1 1 0 0 0 1 1 0 0 0 0 0 1 1 0 0 0 0 8 1 40 
0 32 1 225.769 277.462 -0.660857 -0.750512 -0.153499 0.988149 1 000000000000000000000000 000000000000000000111111 3 0 1 1 0 0 0 1 1 0 0 0 0 0 1 1 0 0 0 0 8 
0 33 1 227.2 282.8 -0.973942 -0.226796 0.86901 0.494795 1 000000000000000000000000 000000000000000000111111 3 0 1 1 0 0 0 1 1 0 0 0 0 0 1 1 0 0 0 0 8 
0 34 1 232.615 213.154 -0.886698 -0.46235 0.707107 0.707107 1 000000000000000000000000 000000000000000000111111 3 0 1 1 0 0 0 1 1 0 0 0 0 0 1 1 0 0 0 0 8 1 40 
0 35 1 233.6 220.2 0.756035 -0.654531 -0.207504 0.978234 1 000000000000000000000000 000000000000000000111111 3 0 1 1 0 0 0 1 1 0 0 0 0 0 1 1 0 0 0 0 8 1 40 
0 36 1 233 225.909 -0.936445 -0.350815 -0.572589 -0.819843 1 000000000000000000000000 000000000000000000111111 3 0 1 1 0 0 0 1 1 0 0 0 0 0 1 1 0 0 0 0 8 1 40 
0 37 1 232.286 233.286 -0.00649072 -0.999979 -0.985179 0.171527 1 000000000000000000000000 000000000000000000111111 3 0 1 1 0 0 0 1 1 0 0 0 0 0 1 1 0 0 0 0 8 1 40 
0 38 1 231.8 238.9 -0.642772 -0.766058 0.912818 -0.408366 1 000000000000000000000000 000000000000000000111111 3 0 1 1 0 0 0 1 1 0 0 0 0 0 1 1 0 0 0 0 8 1 40 1 40 
0 39 1 234.111 249.111 -0.725291 0.688442 0.585946 0.81035 1 000000000000000000000000 000000000000000000111111 3 0 1 1 0 0 0 1 1 0 0 0 0 0 1 1 0 0 0 0 8 1 40 
0 40 1 233 255.429 0.546879 -0.837212 0.640184 -0.768221 1 000000000000000000000000 000000000000000000111111 3 0 1 1 0 0 0 1 1 0 0 0 0 0 1 1 0 0 0 0 8 1 40 1 40 
0 41 1 234 263.5 0.999734 0.0230689 0.00602399 0.999982 1 000000000000000000000000 000000000000000000111111 3 0 1 1 0 0 0 1 1 0 0 0 0 0 1 1 0 0 0 0 8 1 40 1 40 
0 42 1 233.786 268.286 -0.783274 0.621677 0.707107 -0.707107 1 000000000000000000000000 000000000000000000111111 3 0 1 1 0 0 0 1 1 0 0 0 0 0 1 1 0 0 0 0 8 1 40 
0 43 1 232.333 276.583 -0.442312 0.896861 0.139255 -0.990257 1 000000000000000000000000 000000000000000000111111 3 0 1 1 0 0 0 1 1 0 0 0 0 0 1 1 0 0 0 0 8 1 40 
0 44 1 233.667 282.933 -0.681569 0.731754 -0.0969438 -0.99529 1 000000000000000000000000 000000000000000000111111 3 0 1 1 0 0 0 1 1 0 0 0 0 0 1 1 0 0 0 0 8 1 40 
0 45 1 240.308 214.231 -0.951061 -0.309004 -0.117599 -0.993061 1 000000000000000000000000 000000000000000000111111 3 0 1 1 0 0 0 1 1 0 0 0 0 0 1 1 0 0 0 0 8 1 40 
0 46 1 242.294 218.235 -0.986525 0.16361 -0.956477 -0.291807 1 000000000000000000000000 000000000000000000111111 3 0 1 1 0 0 0 1 1 0 0 0 0 0 1 1 0 0 0 0 8 1 40 
0 47 1 239.765 227.588 -0.974143 0.225932 -0.536875 0.843661 1 000000000000000000000000 000000000000000000111111 3 0 1 1 0 0 0 1 1 0 0 0 0 0 1 1 0 0 0 0 8 1 40 1 40 
0 48 1 244 231.125 -0.243496 -0.969902 0.83957 0.543251 1 000000000000000000000000 000000000000000000111111 3 0 1 1 0 0 0 1 1 0 0 0 0 0 1 1 0 0 0 0 8 1 40 
0 49 1 241.333 241.133 0.832019 0.554748 0.883788 -0.467888 1 000000000000000000000000 000000000000000000111111 3 0 1 1 0 0 0 1 1 0 0 0 0 0 1 1 0 0 0 0 8 1 40 
0 50 1 241.083 249.5 0.711188 -0.703002 0.904249 0.427006 1 000000000000000000000000 000000000000000000111111 3 0 1 1 0 0 0 1 1 0 0 0 0 0 1 1 0 0 0 0 8 
0 51 1 238.778 253.889 0.986547 -0.163479 -0.60745 0.794358 1 000000000000000000000000 000000000000000000111111 3 0 1 1 0 0 0 1 1 0 0 0 0 0 1 1 0 0 0 0 8 1 40 
0 52 1 240.6 264.2 0.602682 -0.797981 0.578017 0.816024 1 000000000000000000000000 000000000000000000111111 3 0 1 1 0 0 0 1 1 0 0 0 0 0 1 1 0 0 0 0 8 
0 53 1 240.222 271.444 0.784135 0.62059 0.932005 0.362446 1 000000000000000000000000 000000000000000000111111 3 0 1 1 0 0 0 1 1 0 0 0 0 0 1 1 0 0 0 0 8 1 40 
0 54 1 242.062 275.125 0.744336 -0.667806 0.639515 -0.768779 1 000000000000000000000000 000000000000000000111111 3 0 1 1 0 0 0 1 1 0 0 0 0 0 1 1 0 0 0 0 8 1 40 
0 55 1 239.9 282.2 0.241565 0.970385 0.466759 0.884385 1 000000000000000000000000 000000000000000000111111 3 0 1 1 0 0 0 1 1 0 0 0 0 0 1 1 0 0 0 0 8 
0 56 1 248.571 209.5 -0.113295 -0.993561 0.990679 -0.136218 1 000000000000000000000000 000000000000000000111111 3 0 1 1 0 0 0 1 1 0 0 0 0 0 1 1 0 0 0 0 8 
0 57 1 249.938 218.875 0.334969 -0.942229 0.0409679 0.99916 1 000000000000000000000000 000000000000000000111111 3 0 1 1 0 0 0 1 1 0 0 0 0 0 1 1 0 0 0 0 8 
0 58 1 247.889 224.222 -0.957366 0.288877 -0.543251 -0.83957 1 000000000000000000000000 000000000000000000111111 3 0 1 1 0 0 0 1 1 0 0 0 0 0 1 1 0 0 0 0 8 1 40 
0 59 1 248.923 234.769 0.0805843 -0.996748 0.989949 -0.141421 1 000000000000000000000000 000000000000000000111111 3 0 1 1 0 0 0 1 1 0 0 0 0 0 1 1 0 0 0 0 8 
0 60 1 246 240.833 0.327742 0.944767 0.961524 0.274721 1 000000000000000000000000 000000000000000000111111 3 0 1 1 0 0 0 1 1 0 0 0 0 0 1 1 0 0 0 0 8 1 40 
0 61 1 248 246.647 0.160103 -0.9871 0.707107 0.707107 1 000000000000000000000000 000000000000000000111111 3 0 1 1 0 0 0 1 1 0 0 0 0 0 1 1 0 0 0 0 8 1 40 
0 62 1 246.714 254.857 -0.627855 -0.77833 0.766758 0.641937 1 000000000000000000000000 000000000000000000111111 3 0 1 1 0 0 0 1 1 0 0 0 0 0 1 1 0 0 0 0 8 
0 63 1 247.1 261.4 -0.773705 0.633546 -0.962964 0.26963 1 000000000000000000000000 000000000000000000111111 3 0 1 1 0 0 0 1 1 0 0 0 0 0 1 1 0 0 0 0 8 
0 64 1 248.308 267.385 -0.999999 0.00122291 -0.65294 0.75741 1 000000000000000000000000 000000000000000000111111 3 0 1 1 0 0 0 1 1 0 0 0 0 0 1 1 0 0 0 0 8 
0 66 1 246.643 284.214 -0.697756 0.716335 -0.837611 -0.546268 1 000000000000000000000000 000000000000000000111111 3 0 1 1 0 0 0 1 1 0 0 0 0 0 1 1 0 0 0 0 8 
0 67 1 254.8 212.9 0.244967 0.969531 0 -1 1 000000000000000000000000 000000000000000000111111 3 0 1 1 0 0 0 1 1 0 0 0 0 0 1 1 0 0 0 0 8 
0 68 1 255 221.333 0.721503 -0.692412 0.167415 0.985887 1 000000000000000000000000 000000000000000000111111 3 0 1 1 0 0 0 1 1 0 0 0 0 0 1 1 0 0 0 0 8 
0 69 1 251.786 227.429 0.181611 0.98337 -0.927917 0.372788 1 000000000000000000000000 000000000000000000111111 3 0 1 1 0 0 0 1 1 0 0 0 0 0 1 1 0 0 0 0 8 1 40 
0 70 1 254.133 234.867 0.580444 -0.8143 -0.617822 0.786318 1 000000000000000000000000 000000000000000000111111 3 0 1 1 0 0 0 1 1 0 0 0 0 0 1 1 0 0 0 0 8 1 40 
0 71 1 254.1 240.8 0.272491 -0.962158 0.857493 -0.514496 1 000000000000000000000000 000000000000000000111111 3 0 1 1 0 0 0 1 1 0 0 0 0 0 1 1 0 0 0 0 8 1 40 1 40 
0 72 1 253.7 244.5 -0.795126 -0.606445 -0.83205 0.5547 1 000000000000000000000000 000000000000000000111111 3 0 1 1 0 0 0 1 1 0 0 0 0 0 1 1 0 0 0 0 8 1 40 1 40 
0 73 1 255.5 252.417 0.800599 -0.599201 0.894427 -0.447214 1 000000000000000000000000 000000000000000000111111 3 0 1 1 0 0 0 1 1 0 0 0 0 0 1 1 0 0 0 0 8 1 40 1 40 
0 74 1 253.9 263 0.00597265 0.999982 0.966048 -0.258362 1 000000000000000000000000 000000000000000000111111 3 0 1 1 0 0 0 1 1 0 0 0 0 0 1 1 0 0 0 0 8 1 40 
0 75 1 257.2 267.2 -0.960488 -0.278321 0.21693 0.976187 1 000000000000000000000000 000000000000000000111111 3 0 1 1 0 0 0 1 1 0 0 0 0 0 1 1 0 0 0 0 8 1 40 
0 76 1 253.111 276.111 -0.527034 0.849844 0.316228 0.948683 1 000000000000000000000000 000000000000000000111111 3 0 1 1 0 0 0 1 1 0 0 0 0 0 1 1 0 0 0 0 8 
0 77 1 255.154 282.077 0.505693 0.862714 -0.0868268 -0.996223 1 000000000000000000000000 000000000000000000111111 3 0 1 1 0 0 0 1 1 0 0 0 0 0 1 1 0 0 0 0 8 
0 78 1 261.333 214.778 -0.368752 -0.929528 -0.857493 -0.514496 1 000000000000000000000000 000000000000000000111111 3 0 1 1 0 0 0 1 1 0 0 0 0 0 1 1 0 0 0 0 8 
0 79 1 263.2 220.3 0.657545 0.753415 0.447214 -0.894427 1 000000000000000000000000 000000000000000000111111 3 0 1 1 0 0 0 1 1 0 0 0 0 0 1 1 0 0 0 0 8 
0 80 1 260.083 229.083 -0.944613 -0.328186 0 -1 1 000000000000000000000000 000000000000000000111111 3 0 1 1 0 0 0 1 1 0 0 0 0 0 1 1 0 0 0 0 8 1 40 
0 81 1 263.583 233.167 0.262767 0.964859 -0.647855 -0.761764 1 000000000000000000000000 000000000000000000111111 3 0 1 1 0 0 0 1 1 0 0 0 0 0 1 1 0 0 0 0 8 1 40 
0 82 1 262.429 240.429 0.258029 0.966137 -0.906183 -0.422885 1 000000000000000000000000 000000000000000000111111 3 0 1 1 0 0 0 1 1 0 0 0 0 0 1 1 0 0 0 0 8 1 40 
0 83 1 262 249.562 0.354823 -0.934933 -0.220166 0.975463 1 000000000000000000000000 000000000000000000111111 3 0 1 1 0 0 0 1 1 0 0 0 0 0 1 1 0 0 0 0 8 1 40 
0 84 1 262.786 257.429 -0.995599 0.0937146 -0.503871 -0.863779 1 000000000000000000000000 000000000000000000111111 3 0 1 1 0 0 0 1 1 0 0 0 0 0 1 1 0 0 0 0 8 1 40 1 40 1 40 
0 85 1 260.5 264.8 -0.476719 -0.879056 -0.447214 0.894427 1 000000000000000000000000 000000000000000000111111 3 0 1 1 0 0 0 1 1 0 0 0 0 0 1 1 0 0 0 0 8 1 40 1 40 
0 86 1 262.923 270.769 0.993941 -0.109917 -0.707107 -0.707107 1 000000000000000000000000 000000000000000000111111 3 0 1 1 0 0 0 1 1 0 0 0 0 0 1 1 0 0 0 0 8 
0 87 1 262.182 278.091 -0.544528 -0.838743 0.576683 -0.816968 1 000000000000000000000000 000000000000000000111111 3 0 1 1 0 0 0 1 1 0 0 0 0 0 1 1 0 0 0 0 8 
0 88 1 262.733 284.4 -0.668625 0.7436 0.899814 0.436274 1 000000000000000000000000 000000000000000000111111 3 0 1 1 0 0 0 1 1 0 0 0 0 0 1 1 0 0 0 0 8 
0 89 1 267.6 214.4 0.991116 0.132997 -0.986394 0.164399 1 000000000000000000000000 000000000000000000111111 3 0 1 1 0 0 0 1 1 0 0 0 0 0 1 1 0 0 0 0 8 1 40 
0 90 1 266.714 223.429 -0.983779 -0.179382 0.724999 0.688749 1 000000000000000000000000 000000000000000000111111 3 0 1 1 0 0 0 1 1 0 0 0 0 0 1 1 0 0 0 0 8 1 40 
0 91 1 267.7 228.7 0.974083 -0.226193 0.371391 0.928477 1 000000000000000000000000 000000000000000000111111 3 0 1 1 0 0 0 1 1 0 0 0 0 0 1 1 0 0 0 0 8 1 40 1 40 
0 92 1 270.923 233.385 -0.978444 0.206511 -0.940887 -0.338719 1 000000000000000000000000 000000000000000000111111 3 0 1 1 0 0 0 1 1 0 0 0 0 0 1 1 0 0 0 0 8 1 40 
0 93 1 266.889 242 0.180686 -0.983541 0.663035 -0.748588 1 000000000000000000000000 000000000000000000111111 3 0 1 1 0 0 0 1 1 0 0 0 0 0 1 1 0 0 0 0 8 1 40 
0 94 1 271.545 246.545 -0.656457 0.754363 -0.973417 0.229039 1 000000000000000000000000 000000000000000000111111 3 0 1 1 0 0 0 1 1 0 0 0 0 0 1 1 0 0 0 0 8 
0 95 1 267.667 255.25 0.968591 0.248658 0.707107 -0.707107 1 000000000000000000000000 000000000000000000111111 3 0 1 1 0 0 0 1 1 0 0 0 0 0 1 1 0 0 0 0 8 1 40 1 40 
0 96 1 267.778 260.111 -0.948444 -0.316945 -0.0534947 0.998568 1 000000000000000000000000 000000000000000000111111 3 0 1 1 0 0 0 1 1 0 0 0 0 0 1 1 0 0 0 0 8 1 40 1 40 
0 97 1 270.818 269.091 -0.939409 0.342799 0.110432 0.993884 1 000000000000000000000000 000000000000000000111111 3 0 1 1 0 0 0 1 1 0 0 0 0 0 1 1 0 0 0 0 8 
0 98 1 268.375 277.375 -0.998891 -0.0470862 -0.999541 -0.0302891 1 000000000000000000000000 000000000000000000111111 3 0 1 1 0 0 0 1 1 0 0 0 0 0 1 1 0 0 0 0 8 
0 99 1 268.125 283.625 0.0893222 0.996003 0.6 0.8 1 000000000000000000000000 000000000000000000111111 3 0 1 1 0 0 0 1 1 0 0 0 0 0 1 1 0 0 0 0 8 
0 100 1 276.308 213.308 -0.399432 0.916763 0.5547 -0.83205 1 000000000000000000000000 000000000000000000111111 3 0 1 1 0 0 0 1 1 0 0 0 0 0 1 1 0 0 0 0 8 1 40 
