0 1 1 213.545 214.045 0.788205 0.615413 -0.33266 -0.943047 1 000000000000000000000000 011111111111111111111111 3 0 1 1 0 0 0 1 1 0 0 0 0 0 1 1 0 0 0 0 8 1 6 1 6 1 6 
0 2 1 213.25 219.875 0.817163 0.576406 0.950263 -0.31145 1 000000000000000000000000 011111111111111111111111 3 0 1 1 0 0 0 1 1 0 0 0 0 0 1 1 0 0 0 0 8 1 6 1 6 
0 3 1 215.087 228.696 0.522845 0.852428 0.958288 -0.285805 1 000000000000000000000000 011111111111111111111111 3 0 1 1 0 0 0 1 1 0 0 0 0 0 1 1 0 0 0 0 8 1 6 1 6 
0 4 1 213.409 234.273 0.604464 0.796632 -0.970546 0.240916 1 000000000000000000000000 011111111111111111111111 3 0 1 1 0 0 0 1 1 0 0 0 0 0 1 1 0 0 0 0 8 1 6 1 6 1 6 
0 5 1 213.773 239.636 -0.132677 0.991159 -0.940887 -0.338719 1 000000000000000000000000 011111111111111111111111 3 0 1 1 0 0 0 1 1 0 0 0 0 0 1 1 0 0 0 0 8 1 6 1 6 
0 6 1 214.818 249.273 -0.624436 -0.781076 -0.678855 -0.734272 1 000000000000000000000000 011111111111111111111111 3 0 1 1 0 0 0 1 1 0 0 0 0 0 1 1 0 0 0 0 8 1 6 1 6 
0 7 1 213.083 254.292 0.110378 -0.99389 0.834019 -0.551736 1 000000000000000000000000 011111111111111111111111 3 0 1 1 0 0 0 1 1 0 0 0 0 0 1 1 0 0 0 0 8 1 6 1 6 1 6 
0 8 1 213.25 263.75 0.0994494 0.995043 0.828283 -0.560309 1 000000000000000000000000 011111111111111111111111 3 0 1 1 0 0 0 1 1 0 0 0 0 0 1 1 0 0 0 0 8 1 6 1 6 
0 9 1 211.8 270.16 0.657487 -0.753466 0.871152 -0.491013 1 000000000000000000000000 011111111111111111111111 3 0 1 1 0 0 0 1 1 0 0 0 0 0 1 1 0 0 0 0 8 1 6 1 6 
0 10 1 211.333 279.476 0.959413 0.282003 0.660925 -0.750452 1 000000000000000000000000 011111111111111111111111 3 0 1 1 0 0 0 1 1 0 0 0 0 0 1 1 0 0 0 0 8 1 6 1 6 
0 11 1 212.696 281.217 -0.069845 -0.997558 -0.716136 -0.69796 1 000000000000000000000000 011111111111111111111111 3 0 1 1 0 0 0 1 1 0 0 0 0 0 1 1 0 0 0 0 8 1 6 1 6 
0 12 1 219.308 213.423 0.784252 0.620442 0.99977 0.0214237 1 000000000000000000000000 011111111111111111111111 3 0 1 1 0 0 0 1 1 0 0 0 0 0 1 1 0 0 0 0 8 1 6 1 6 
0 13 1 218.957 218.087 -0.0885223 0.996074 -0.50478 0.863248 1 000000000000000000000000 011111111111111111111111 3 0 1 1 0 0 0 1 1 0 0 0 0 0 1 1 0 0 0 0 8 1 6 1 6 1 6 1 6 
0 14 1 221.389 226.278 0.159162 0.987252 -0.908677 0.4175 1 000000000000000000000000 011111111111111111111111 3 0 1 1 0 0 0 1 1 0 0 0 0 0 1 1 0 0 0 0 8 1 6 1 6 1 6 
0 15 1 223 236.28 0.503041 -0.864263 0.293123 -0.956075 1 000000000000000000000000 011111111111111111111111 3 0 1 1 0 0 0 1 1 0 0 0 0 0 1 1 0 0 0 0 8 1 6 1 6 1 6 1 6 
0 16 1 218.08 237.48 -0.993236 -0.11611 -0.83205 -0.5547 1 000000000000000000000000 011111111111111111111111 3 0 1 1 0 0 0 1 1 0 0 0 0 0 1 1 0 0 0 0 8 1 6 1 6 1 6 
0 17 1 217.708 250.333 0.199381 -0.979922 0.510539 -0.859855 1 000000000000000000000000 011111111111111111111111 3 0 1 1 0 0 0 1 1 0 0 0 0 0 1 1 0 0 0 0 8 1 6 1 6 1 6 
0 18 1 221.583 255.625 -0.381464 -0.924384 -0.615644 -0.788024 1 000000000000000000000000 011111111111111111111111 3 0 1 1 0 0 0 1 1 0 0 0 0 0 1 1 0 0 0 0 8 1 6 1 6 1 6 1 6 1 6 
0 19 1 222.261 262.739 0.42061 0.907242 -0.733512 -0.679676 1 000000000000000000000000 011111111111111111111111 3 0 1 1 0 0 0 1 1 0 0 0 0 0 1 1 0 0 0 0 8 1 6 1 6 1 6 
0 20 1 220.192 270.769 0.682152 0.73121 0.93239 0.361455 1 000000000000000000000000 011111111111111111111111 3 0 1 1 0 0 0 1 1 0 0 0 0 0 1 1 0 0 0 0 8 1 6 1 6 1 6 
0 21 1 221.478 275.261 0.199131 -0.979973 0.367798 -0.929906 1 000000000000000000000000 011111111111111111111111 3 0 1 1 0 0 0 1 1 0 0 0 0 0 1 1 0 0 0 0 8 1 6 1 6 1 6 
0 22 1 220.2 281.92 0.879389 -0.476105 0.344255 0.938876 1 000000000000000000000000 011111111111111111111111 3 0 1 1 0 0 0 1 1 0 0 0 0 0 1 1 0 0 0 0 8 1 6 1 6 
0 23 1 228.545 213.818 -0.97356 -0.228432 -0.73994 0.672673 1 000000000000000000000000 011111111111111111111111 3 0 1 1 0 0 0 1 1 0 0 0 0 0 1 1 0 0 0 0 8 1 6 1 6 1 6 
0 24 1 227.391 218.87 -0.30337 -0.952873 -0.644597 0.764522 1 000000000000000000000000 011111111111111111111111 3 0 1 1 0 0 0 1 1 0 0 0 0 0 1 1 0 0 0 0 8 1 6 1 6 1 6 1 6 1 6 
0 25 1 225.714 229.333 0.812642 0.582763 -0.157792 -0.987472 1 000000000000000000000000 011111111111111111111111 3 0 1 1 0 0 0 1 1 0 0 0 0 0 1 1 0 0 0 0 8 1 6 1 6 1 6 
0 26 1 226.409 233.227 0.878761 -0.477261 0.917237 -0.398343 1 000000000000000000000000 011111111111111111111111 3 0 1 1 0 0 0 1 1 0 0 0 0 0 1 1 0 0 0 0 8 1 6 1 6 
0 27 1 227.238 241.714 0.269532 -0.962991 0.713709 -0.700443 1 000000000000000000000000 011111111111111111111111 3 0 1 1 0 0 0 1 1 0 0 0 0 0 1 1 0 0 0 0 8 1 6 1 6 1 6 
0 28 1 228.261 247.435 0.377099 -0.926173 -0.957826 0.287348 1 000000000000000000000000 011111111111111111111111 3 0 1 1 0 0 0 1 1 0 0 0 0 0 1 1 0 0 0 0 8 1 6 1 6 1 6 
0 29 1 228.818 255.455 -0.231369 -0.972866 0.996704 0.0811271 1 000000000000000000000000 011111111111111111111111 3 0 1 1 0 0 0 1 1 0 0 0 0 0 1 1 0 0 0 0 8 1 6 1 6 1 6 1 6 
0 30 1 225.074 260 -0.854852 0.518872 0.917244 0.398325 1 000000000000000000000000 011111111111111111111111 3 0 1 1 0 0 0 1 1 0 0 0 0 0 1 1 0 0 0 0 8 1 6 1 6 1 6 1 6 
0 31 1 225.417 267.25 -0.773798 0.633433 0.989461 -0.144799 1 000000000000000000000000 011111111111111111111111 3 0 1 1 0 0 0 1 1 0 0 0 0 0 1 1 0 0 0 0 8 1 6 1 6 1 6 
0 32 1 228 274.955 0.997878 -0.0651165 0.385836 0.922568 1 000000000000000000000000 011111111111111111111111 3 0 1 1 0 0 0 1 1 0 0 0 0 0 1 1 0 0 0 0 8 1 6 1 6 
0 33 1 228.962 283.077 0.195787 0.980646 -0.717685 -0.696368 1 000000000000000000000000 011111111111111111111111 3 0 1 1 0 0 0 1 1 0 0 0 0 0 1 1 0 0 0 0 8 1 6 1 6 
0 34 1 232.6 213.3 0.873353 -0.487088 -0.699463 0.714669 1 000000000000000000000000 011111111111111111111111 3 0 1 1 0 0 0 1 1 0 0 0 0 0 1 1 0 0 0 0 8 1 6 1 6 
0 35 1 234.304 220 0.999215 -0.0396108 0.857493 0.514496 1 000000000000000000000000 011111111111111111111111 3 0 1 1 0 0 0 1 1 0 0 0 0 0 1 1 0 0 0 0 8 1 6 1 6 1 6 1 6 
0 36 1 233.6 225.45 0.686161 0.72745 -0.899109 0.437724 1 000000000000000000000000 011111111111111111111111 3 0 1 1 0 0 0 1 1 0 0 0 0 0 1 1 0 0 0 0 8 1 6 1 6 1 6 1 6 
0 37 1 235.542 233.75 -0.104473 0.994528 0.894427 -0.447214 1 000000000000000000000000 011111111111111111111111 3 0 1 1 0 0 0 1 1 0 0 0 0 0 1 1 0 0 0 0 8 1 6 1 6 1 6 
0 38 1 231.391 242.087 -0.783395 0.621524 -0.707107 -0.707107 1 000000000000000000000000 011111111111111111111111 3 0 1 1 0 0 0 1 1 0 0 0 0 0 1 1 0 0 0 0 8 1 6 1 6 1 6 
0 39 1 234 246.074 -0.991033 0.133615 0.314221 0.94935 1 000000000000000000000000 011111111111111111111111 3 0 1 1 0 0 0 1 1 0 0 0 0 0 1 1 0 0 0 0 8 1 6 1 6 1 6 
0 40 1 235.75 256.05 0.893153 -0.449753 0.999695 -0.0246838 1 000000000000000000000000 011111111111111111111111 3 0 1 1 0 0 0 1 1 0 0 0 0 0 1 1 0 0 0 0 8 1 6 1 6 1 6 
0 41 1 233.393 260.786 0.912519 -0.409033 0.980101 -0.198501 1 000000000000000000000000 011111111111111111111111 3 0 1 1 0 0 0 1 1 0 0 0 0 0 1 1 0 0 0 0 8 1 6 1 6 1 6 1 6 
0 42 1 235.72 268.12 -0.157884 0.987458 -0.64119 0.767382 1 000000000000000000000000 011111111111111111111111 3 0 1 1 0 0 0 1 1 0 0 0 0 0 1 1 0 0 0 0 8 1 6 1 6 1 6 1 6 
0 43 1 234.455 276.5 0.968523 0.248925 -0.296649 0.954987 1 000000000000000000000000 011111111111111111111111 3 0 1 1 0 0 0 1 1 0 0 0 0 0 1 1 0 0 0 0 8 1 6 1 6 1 6 1 6 1 6 
0 44 1 233.476 283.476 0.702039 -0.712138 -0.690967 -0.722886 1 000000000000000000000000 011111111111111111111111 3 0 1 1 0 0 0 1 1 0 0 0 0 0 1 1 0 0 0 0 8 1 6 1 6 1 6 
0 45 1 241.179 210.679 -0.916843 0.399247 0.413803 0.910366 1 000000000000000000000000 011111111111111111111111 3 0 1 1 0 0 0 1 1 0 0 0 0 0 1 1 0 0 0 0 8 1 6 
0 46 1 240.217 221.739 0.373155 -0.927769 0.058722 -0.998274 1 000000000000000000000000 011111111111111111111111 3 0 1 1 0 0 0 1 1 0 0 0 0 0 1 1 0 0 0 0 8 1 6 1 6 1 6 1 6 
0 47 1 238.2 227.55 0.858333 -0.513094 -0.8 -0.6 1 000000000000000000000000 011111111111111111111111 3 0 1 1 0 0 0 1 1 0 0 0 0 0 1 1 0 0 0 0 8 1 6 1 6 1 6 1 6 
0 48 1 241.217 235.522 -0.974546 -0.224186 -0.931649 -0.36336 1 000000000000000000000000 011111111111111111111111 3 0 1 1 0 0 0 1 1 0 0 0 0 0 1 1 0 0 0 0 8 1 6 1 6 1 6 1 6 
0 49 1 241.708 240.458 0.794501 -0.607263 -0.645631 -0.76365 1 000000000000000000000000 011111111111111111111111 3 0 1 1 0 0 0 1 1 0 0 0 0 0 1 1 0 0 0 0 8 1 6 1 6 1 6 1 6 
0 50 1 240.769 245.615 0.966314 0.257367 -0.98336 0.181665 1 000000000000000000000000 011111111111111111111111 3 0 1 1 0 0 0 1 1 0 0 0 0 0 1 1 0 0 0 0 8 1 6 1 6 1 6 1 6 
0 51 1 241.75 254.792 0.392992 -0.919542 -0.906183 -0.422885 1 000000000000000000000000 011111111111111111111111 3 0 1 1 0 0 0 1 1 0 0 0 0 0 1 1 0 0 0 0 8 1 6 1 6 
0 52 1 240.375 264.333 0.621465 -0.783442 0.0895775 0.99598 1 000000000000000000000000 011111111111111111111111 3 0 1 1 0 0 0 1 1 0 0 0 0 0 1 1 0 0 0 0 8 1 6 1 6 1 6 1 6 
0 53 1 240.565 267.913 -0.259246 0.965811 0.888492 0.458892 1 000000000000000000000000 011111111111111111111111 3 0 1 1 0 0 0 1 1 0 0 0 0 0 1 1 0 0 0 0 8 1 6 1 6 1 6 1 6 
0 54 1 241.9 277.15 -0.96381 -0.266591 0.204235 0.978922 1 000000000000000000000000 011111111111111111111111 3 0 1 1 0 0 0 1 1 0 0 0 0 0 1 1 0 0 0 0 8 1 6 1 6 
0 55 1 240.96 282.64 0.986921 0.161208 0.774636 -0.632408 1 000000000000000000000000 011111111111111111111111 3 0 1 1 0 0 0 1 1 0 0 0 0 0 1 1 0 0 0 0 8 1 6 1 6 1 6 
0 56 1 247.318 211.773 -0.633371 -0.773849 -0.932322 0.361628 1 000000000000000000000000 011111111111111111111111 3 0 1 1 0 0 0 1 1 0 0 0 0 0 1 1 0 0 0 0 8 1 6 1 6 
0 57 1 249.192 218.385 0.926996 0.375072 -1 0 1 000000000000000000000000 011111111111111111111111 3 0 1 1 0 0 0 1 1 0 0 0 0 0 1 1 0 0 0 0 8 1 6 1 6 1 6 1 6 
0 58 1 247.143 227.476 0.882099 0.471063 0.678612 0.734497 1 000000000000000000000000 011111111111111111111111 3 0 1 1 0 0 0 1 1 0 0 0 0 0 1 1 0 0 0 0 8 1 6 
0 59 1 248.292 235.875 -0.0492651 0.998786 -0.0971 0.995275 1 000000000000000000000000 011111111111111111111111 3 0 1 1 0 0 0 1 1 0 0 0 0 0 1 1 0 0 0 0 8 1 6 1 6 1 6 1 6 
0 60 1 247.346 241.923 0.977653 0.210223 -0.677476 -0.735545 1 000000000000000000000000 011111111111111111111111 3 0 1 1 0 0 0 1 1 0 0 0 0 0 1 1 0 0 0 0 8 1 6 1 6 1 6 1 6 1 6 1 6 
0 61 1 248.8 249.2 -0.82564 0.564197 -0.454397 -0.890799 1 000000000000000000000000 011111111111111111111111 3 0 1 1 0 0 0 1 1 0 0 0 0 0 1 1 0 0 0 0 8 1 6 1 6 1 6 1 6 
0 62 1 248.706 256.059 0.316451 -0.948609 -0.807891 0.589331 1 000000000000000000000000 011111111111111111111111 3 0 1 1 0 0 0 1 1 0 0 0 0 0 1 1 0 0 0 0 8 1 6 1 6 
0 63 1 249.391 262.826 -0.94754 -0.319638 0.999671 -0.0256326 1 000000000000000000000000 011111111111111111111111 3 0 1 1 0 0 0 1 1 0 0 0 0 0 1 1 0 0 0 0 8 1 6 1 6 1 6 1 6 1 6 
0 64 1 248.458 266.583 -0.940333 -0.340256 -0.266998 0.963697 1 000000000000000000000000 011111111111111111111111 3 0 1 1 0 0 0 1 1 0 0 0 0 0 1 1 0 0 0 0 8 1 6 
0 65 1 248.192 276.885 -0.145686 0.989331 0.998542 0.0539753 1 000000000000000000000000 011111111111111111111111 3 0 1 1 0 0 0 1 1 0 0 0 0 0 1 1 0 0 0 0 8 1 6 1 6 1 6 
0 66 1 248.652 282.391 -0.999849 -0.01738 0.568682 0.822558 1 000000000000000000000000 011111111111111111111111 3 0 1 1 0 0 0 1 1 0 0 0 0 0 1 1 0 0 0 0 8 1 6 1 6 
0 67 1 253.81 213.714 0.954275 0.298932 -0.590813 0.806809 1 000000000000000000000000 011111111111111111111111 3 0 1 1 0 0 0 1 1 0 0 0 0 0 1 1 0 0 0 0 8 1 6 1 6 
0 68 1 256.083 218.708 -0.51066 -0.859782 -0.973748 -0.227629 1 000000000000000000000000 011111111111111111111111 3 0 1 1 0 0 0 1 1 0 0 0 0 0 1 1 0 0 0 0 8 1 6 1 6 1 6 
0 69 1 256.958 228.333 -0.0641156 -0.997942 -0.273081 0.961991 1 000000000000000000000000 011111111111111111111111 3 0 1 1 0 0 0 1 1 0 0 0 0 0 1 1 0 0 0 0 8 1 6 1 6 
0 70 1 252.19 235.333 -0.670149 0.742226 -0.53741 -0.843321 1 000000000000000000000000 011111111111111111111111 3 0 1 1 0 0 0 1 1 0 0 0 0 0 1 1 0 0 0 0 8 1 6 1 6 
0 71 1 252.273 240.091 0.46784 -0.883813 -0.991656 -0.128915 1 000000000000000000000000 011111111111111111111111 3 0 1 1 0 0 0 1 1 0 0 0 0 0 1 1 0 0 0 0 8 1 6 1 6 1 6 
0 72 1 256.607 247.714 0.675998 -0.736903 1 0 1 000000000000000000000000 011111111111111111111111 3 0 1 1 0 0 0 1 1 0 0 0 0 0 1 1 0 0 0 0 8 1 6 1 6 1 6 
0 73 1 255.714 253.524 -0.564573 0.825383 -0.732793 -0.680451 1 000000000000000000000000 011111111111111111111111 3 0 1 1 0 0 0 1 1 0 0 0 0 0 1 1 0 0 0 0 8 1 6 1 6 1 6 
0 74 1 254.917 261.083 0.543173 -0.839621 0.555815 -0.831306 1 000000000000000000000000 011111111111111111111111 3 0 1 1 0 0 0 1 1 0 0 0 0 0 1 1 0 0 0 0 8 1 6 1 6 1 6 
0 75 1 255.591 269.455 0.680418 0.732824 -0.834648 0.550783 1 000000000000000000000000 011111111111111111111111 3 0 1 1 0 0 0 1 1 0 0 0 0 0 1 1 0 0 0 0 8 1 6 1 6 1 6 
0 76 1 253.4 275.3 -0.786442 -0.617664 0.957328 -0.289005 1 000000000000000000000000 011111111111111111111111 3 0 1 1 0 0 0 1 1 0 0 0 0 0 1 1 0 0 0 0 8 1 6 1 6 1 6 
0 77 1 256.048 281 -0.965847 0.259114 0.83697 0.547249 1 000000000000000000000000 011111111111111111111111 3 0 1 1 0 0 0 1 1 0 0 0 0 0 1 1 0 0 0 0 8 1 6 1 6 
0 78 1 262.958 212.917 -0.513083 0.858339 -0.478852 -0.877896 1 000000000000000000000000 011111111111111111111111 3 0 1 1 0 0 0 1 1 0 0 0 0 0 1 1 0 0 0 0 8 1 6 1 6 
0 79 1 261.957 218.696 -0.395446 -0.918489 0.998168 -0.0604951 1 000000000000000000000000 011111111111111111111111 3 0 1 1 0 0 0 1 1 0 0 0 0 0 1 1 0 0 0 0 8 1 6 1 6 1 6 
0 80 1 261.375 227.542 -0.850537 -0.525915 -0.989359 -0.145494 1 000000000000000000000000 011111111111111111111111 3 0 1 1 0 0 0 1 1 0 0 0 0 0 1 1 0 0 0 0 8 1 6 1 6 1 6 
0 81 1 262.45 233.7 0.996183 0.0872904 0.559658 -0.828724 1 000000000000000000000000 011111111111111111111111 3 0 1 1 0 0 0 1 1 0 0 0 0 0 1 1 0 0 0 0 8 1 6 1 6 1 6 1 6 
0 82 1 264.227 239.818 0.518502 -0.855077 0.566529 0.824042 1 000000000000000000000000 011111111111111111111111 3 0 1 1 0 0 0 1 1 0 0 0 0 0 1 1 0 0 0 0 8 1 6 1 6 1 6 
0 83 1 264.111 246.111 -0.552068 0.833799 -0.707107 0.707107 1 000000000000000000000000 011111111111111111111111 3 0 1 1 0 0 0 1 1 0 0 0 0 0 1 1 0 0 0 0 8 1 6 1 6 1 6 1 6 
0 84 1 259.905 254.952 -0.235565 -0.971859 -0.461353 0.887217 1 000000000000000000000000 011111111111111111111111 3 0 1 1 0 0 0 1 1 0 0 0 0 0 1 1 0 0 0 0 8 1 6 
0 85 1 261.091 263.273 0.245015 0.969519 -0.316228 -0.948683 1 000000000000000000000000 011111111111111111111111 3 0 1 1 0 0 0 1 1 0 0 0 0 0 1 1 0 0 0 0 8 1 6 1 6 1 6 
0 86 1 262.87 269.043 0.678898 0.734233 -0.546537 0.837435 1 000000000000000000000000 011111111111111111111111 3 0 1 1 0 0 0 1 1 0 0 0 0 0 1 1 0 0 0 0 8 1 6 1 6 1 6 
0 87 1 262.783 276.261 -0.438899 0.898537 -0.63665 -0.771153 1 000000000000000000000000 011111111111111111111111 3 0 1 1 0 0 0 1 1 0 0 0 0 0 1 1 0 0 0 0 8 1 6 1 6 1 6 
0 88 1 260.773 281.682 -0.839418 0.543486 0.942586 0.333963 1 000000000000000000000000 011111111111111111111111 3 0 1 1 0 0 0 1 1 0 0 0 0 0 1 1 0 0 0 0 8 1 6 1 6 
0 89 1 268.542 215.208 -0.386728 -0.922194 -0.786318 0.617822 1 000000000000000000000000 011111111111111111111111 3 0 1 1 0 0 0 1 1 0 0 0 0 0 1 1 0 0 0 0 8 1 6 1 6 1 6 
0 90 1 269.143 221.81 0.508419 0.86111 0.370061 -0.929007 1 000000000000000000000000 011111111111111111111111 3 0 1 1 0 0 0 1 1 0 0 0 0 0 1 1 0 0 0 0 8 1 6 1 6 
0 91 1 268.636 228.227 0.987765 -0.155949 0.728967 0.684549 1 000000000000000000000000 011111111111111111111111 3 0 1 1 0 0 0 1 1 0 0 0 0 0 1 1 0 0 0 0 8 1 6 1 6 
0 92 1 266.75 232.458 0.656029 -0.754736 0.804176 0.594391 1 000000000000000000000000 011111111111111111111111 3 0 1 1 0 0 0 1 1 0 0 0 0 0 1 1 0 0 0 0 8 1 6 1 6 1 6 
0 93 1 269.174 240.652 0.999708 -0.0241621 -0.883013 0.469349 1 000000000000000000000000 011111111111111111111111 3 0 1 1 0 0 0 1 1 0 0 0 0 0 1 1 0 0 0 0 8 1 6 1 6 1 6 
0 94 1 267.217 247.565 -0.9579 0.287102 -0.988073 0.153985 1 000000000000000000000000 011111111111111111111111 3 0 1 1 0 0 0 1 1 0 0 0 0 0 1 1 0 0 0 0 8 1 6 1 6 
0 95 1 269.708 254.958 -0.814162 -0.580638 0.945796 -0.324761 1 000000000000000000000000 011111111111111111111111 3 0 1 1 0 0 0 1 1 0 0 0 0 0 1 1 0 0 0 0 8 1 6 
0 96 1 269.737 260.842 0.884962 0.465663 0.155963 0.987763 1 000000000000000000000000 011111111111111111111111 3 0 1 1 0 0 0 1 1 0 0 0 0 0 1 1 0 0 0 0 8 1 6 1 6 
0 97 1 268 270.19 -0.826003 0.563666 -0.141973 -0.98987 1 000000000000000000000000 011111111111111111111111 3 0 1 1 0 0 0 1 1 0 0 0 0 0 1 1 0 0 0 0 8 1 6 1 6 1 6 1 6 
0 98 1 268.583 275.542 0.744325 -0.667818 -0.923856 -0.38274 1 000000000000000000000000 011111111111111111111111 3 0 1 1 0 0 0 1 1 0 0 0 0 0 1 1 0 0 0 0 8 1 6 1 6 
0 99 1 269.263 283 0.780103 0.625652 0.99629 -0.0860583 1 000000000000000000000000 011111111111111111111111 3 0 1 1 0 0 0 1 1 0 0 0 0 0 1 1 0 0 0 0 8 
0 100 1 274.526 211 -0.926964 -0.37515 0.674269 0.738485 1 000000000000000000000000 011111111111111111111111 3 0 1 1 0 0 0 1 1 0 0 0 0 0 1 1 0 0 0 0 8 
