0 2 1 212.167 216.167 -0.98955 0.144188 -0.991505 0.130066 1 000000000000000000000000 000000000000000000001111 3 0 1 1 0 0 0 1 1 0 0 0 0 0 1 1 0 0 0 0 8 
0 4 1 211.143 231.571 -0.599814 0.80014 0.780869 0.624695 1 000000000000000000000000 000000000000000000001111 3 0 1 1 0 0 0 1 1 0 0 0 0 0 1 1 0 0 0 0 8 
0 7 1 212.667 253.667 0.353961 -0.93526 -0.447214 0.894427 1 000000000000000000000000 000000000000000000001111 3 0 1 1 0 0 0 1 1 0 0 0 0 0 1 1 0 0 0 0 8 
0 8 1 212.6 261.8 0.152767 0.988262 -0.83205 0.5547 1 000000000000000000000000 000000000000000000001111 3 0 1 1 0 0 0 1 1 0 0 0 0 0 1 1 0 0 0 0 8 
0 10 1 211.857 273.714 0.550443 0.834873 -0.933346 -0.358979 1 000000000000000000000000 000000000000000000001111 3 0 1 1 0 0 0 1 1 0 0 0 0 0 1 1 0 0 0 0 8 
0 11 1 208.333 283 -0.354877 0.934913 0.997054 -0.0766965 1 000000000000000000000000 000000000000000000001111 3 0 1 1 0 0 0 1 1 0 0 0 0 0 1 1 0 0 0 0 8 
0 12 1 220.333 213.5 0.0266858 -0.999644 0.447214 0.894427 1 000000000000000000000000 000000000000000000001111 3 0 1 1 0 0 0 1 1 0 0 0 0 0 1 1 0 0 0 0 8 
0 13 1 219.8 219.6 0.224777 0.97441 0.507692 0.861538 1 000000000000000000000000 000000000000000000001111 3 0 1 1 0 0 0 1 1 0 0 0 0 0 1 1 0 0 0 0 8 
0 14 1 223.833 224.833 -0.859624 -0.510927 -0.336336 0.941742 1 000000000000000000000000 000000000000000000001111 3 0 1 1 0 0 0 1 1 0 0 0 0 0 1 1 0 0 0 0 8 1 44 
0 18 1 219.143 255.857 -0.989777 -0.142626 -0.948683 0.316228 1 000000000000000000000000 000000000000000000001111 3 0 1 1 0 0 0 1 1 0 0 0 0 0 1 1 0 0 0 0 8 
0 19 1 220.8 261.4 0.0839018 0.996474 -0.540758 0.841178 1 000000000000000000000000 000000000000000000001111 3 0 1 1 0 0 0 1 1 0 0 0 0 0 1 1 0 0 0 0 8 
0 21 1 218 276.7 -0.966464 -0.256804 -0.894427 -0.447214 1 000000000000000000000000 000000000000000000001111 3 0 1 1 0 0 0 1 1 0 0 0 0 0 1 1 0 0 0 0 8 
0 24 1 227 218 0.397984 0.917392 0.948683 0.316228 1 000000000000000000000000 000000000000000000001111 3 0 1 1 0 0 0 1 1 0 0 0 0 0 1 1 0 0 0 0 8 
0 25 1 227.4 225.8 0.86043 -0.509569 -0.948683 0.316228 1 000000000000000000000000 000000000000000000001111 3 0 1 1 0 0 0 1 1 0 0 0 0 0 1 1 0 0 0 0 8 1 44 1 44 
0 26 1 228.833 235 -0.7047 0.709505 0.923077 -0.384615 1 000000000000000000000000 000000000000000000001111 3 0 1 1 0 0 0 1 1 0 0 0 0 0 1 1 0 0 0 0 8 
0 27 1 224.636 238.545 -0.889688 -0.456569 0.613941 0.789352 1 000000000000000000000000 000000000000000000001111 3 0 1 1 0 0 0 1 1 0 0 0 0 0 1 1 0 0 0 0 8 
0 29 1 227 253 -0.075711 -0.99713 0.496139 0.868243 1 000000000000000000000000 000000000000000000001111 3 0 1 1 0 0 0 1 1 0 0 0 0 0 1 1 0 0 0 0 8 
0 31 1 223.75 268 -0.786751 0.617271 -0.948683 -0.316228 1 000000000000000000000000 000000000000000000001111 3 0 1 1 0 0 0 1 1 0 0 0 0 0 1 1 0 0 0 0 8 
0 33 1 228.667 280.833 -0.434681 0.900584 -1 0 1 000000000000000000000000 000000000000000000001111 3 0 1 1 0 0 0 1 1 0 0 0 0 0 1 1 0 0 0 0 8 1 44 
0 35 1 235.25 219 -0.943587 -0.331125 0.755689 -0.654931 1 000000000000000000000000 000000000000000000001111 3 0 1 1 0 0 0 1 1 0 0 0 0 0 1 1 0 0 0 0 8 
0 36 1 234.6 224.4 -0.463416 0.886141 0.196116 0.980581 1 000000000000000000000000 000000000000000000001111 3 0 1 1 0 0 0 1 1 0 0 0 0 0 1 1 0 0 0 0 8 1 44 
0 39 1 232.667 248.889 0.372812 0.927907 -0.316228 0.948683 1 000000000000000000000000 000000000000000000001111 3 0 1 1 0 0 0 1 1 0 0 0 0 0 1 1 0 0 0 0 8 
0 40 1 234.857 258 -0.171546 -0.985176 -0.974391 0.22486 1 000000000000000000000000 000000000000000000001111 3 0 1 1 0 0 0 1 1 0 0 0 0 0 1 1 0 0 0 0 8 1 44 
0 41 1 232.8 261.2 -0.621757 0.78321 -1 0 1 000000000000000000000000 000000000000000000001111 3 0 1 1 0 0 0 1 1 0 0 0 0 0 1 1 0 0 0 0 8 1 44 
0 42 1 233 267.333 0.32293 0.946423 -0.379742 -0.925092 1 000000000000000000000000 000000000000000000001111 3 0 1 1 0 0 0 1 1 0 0 0 0 0 1 1 0 0 0 0 8 
0 43 1 232 278.3 0.999635 0.0270271 -0.860292 0.509802 1 000000000000000000000000 000000000000000000001111 3 0 1 1 0 0 0 1 1 0 0 0 0 0 1 1 0 0 0 0 8 1 44 
0 44 1 235.714 282.143 0.514181 -0.857682 -0.164399 -0.986394 1 000000000000000000000000 000000000000000000001111 3 0 1 1 0 0 0 1 1 0 0 0 0 0 1 1 0 0 0 0 8 
0 45 1 238.714 214 -0.926021 -0.377472 -0.531236 0.847224 1 000000000000000000000000 000000000000000000001111 3 0 1 1 0 0 0 1 1 0 0 0 0 0 1 1 0 0 0 0 8 
0 46 1 243.444 222.333 0.137988 -0.990434 0.644136 0.764911 1 000000000000000000000000 000000000000000000001111 3 0 1 1 0 0 0 1 1 0 0 0 0 0 1 1 0 0 0 0 8 
0 48 1 240.417 233.417 0.0256835 0.99967 -0.316228 0.948683 1 000000000000000000000000 000000000000000000001111 3 0 1 1 0 0 0 1 1 0 0 0 0 0 1 1 0 0 0 0 8 
0 51 1 241.636 253.727 0.218904 -0.975746 0.707107 0.707107 1 000000000000000000000000 000000000000000000001111 3 0 1 1 0 0 0 1 1 0 0 0 0 0 1 1 0 0 0 0 8 
0 52 1 240.75 262.25 -0.732713 -0.680538 0.83205 0.5547 1 000000000000000000000000 000000000000000000001111 3 0 1 1 0 0 0 1 1 0 0 0 0 0 1 1 0 0 0 0 8 
0 53 1 242 268.286 -0.542869 0.839817 0.423653 0.905824 1 000000000000000000000000 000000000000000000001111 3 0 1 1 0 0 0 1 1 0 0 0 0 0 1 1 0 0 0 0 8 
0 54 1 233.8 272.2 0.85782 0.513951 0.658505 0.752577 1 000000000000000000000000 000000000000000000001111 3 0 1 1 0 0 0 1 1 0 0 0 0 0 1 1 0 0 0 0 8 
0 56 1 246.4 211.2 0.846401 0.532546 -0.477973 0.878375 1 000000000000000000000000 000000000000000000001111 3 0 1 1 0 0 0 1 1 0 0 0 0 0 1 1 0 0 0 0 8 
0 57 1 248.714 218.571 -0.931158 0.364616 -0.996546 -0.0830455 1 000000000000000000000000 000000000000000000001111 3 0 1 1 0 0 0 1 1 0 0 0 0 0 1 1 0 0 0 0 8 
0 59 1 248.714 232 -0.865676 -0.500604 -0.99846 -0.05547 1 000000000000000000000000 000000000000000000001111 3 0 1 1 0 0 0 1 1 0 0 0 0 0 1 1 0 0 0 0 8 
0 60 1 246.667 240.333 -0.997373 -0.0724313 -0.559413 0.828889 1 000000000000000000000000 000000000000000000001111 3 0 1 1 0 0 0 1 1 0 0 0 0 0 1 1 0 0 0 0 8 
0 63 1 247.778 259.444 0.536663 -0.843797 -0.707107 0.707107 1 000000000000000000000000 000000000000000000001111 3 0 1 1 0 0 0 1 1 0 0 0 0 0 1 1 0 0 0 0 8 
0 64 1 246.2 267.2 0.362245 -0.932083 -0.0995037 0.995037 1 000000000000000000000000 000000000000000000001111 3 0 1 1 0 0 0 1 1 0 0 0 0 0 1 1 0 0 0 0 8 
0 65 1 247.571 277 -0.407253 -0.913315 -1 0 1 000000000000000000000000 000000000000000000001111 3 0 1 1 0 0 0 1 1 0 0 0 0 0 1 1 0 0 0 0 8 
0 66 1 247.667 284.333 -0.921835 0.387583 -0.590661 0.80692 1 000000000000000000000000 000000000000000000001111 3 0 1 1 0 0 0 1 1 0 0 0 0 0 1 1 0 0 0 0 8 
0 70 1 256 235 0.975139 -0.221595 -0.316228 -0.948683 1 000000000000000000000000 000000000000000000001111 3 0 1 1 0 0 0 1 1 0 0 0 0 0 1 1 0 0 0 0 8 
0 71 1 256.667 240.889 0.516337 -0.856386 -0.979842 0.199774 1 000000000000000000000000 000000000000000000001111 3 0 1 1 0 0 0 1 1 0 0 0 0 0 1 1 0 0 0 0 8 
0 72 1 252.143 247.571 -0.691593 0.722287 0.707107 0.707107 1 000000000000000000000000 000000000000000000001111 3 0 1 1 0 0 0 1 1 0 0 0 0 0 1 1 0 0 0 0 8 
0 73 1 255.111 254.111 0.0319 -0.999491 0.654931 0.755689 1 000000000000000000000000 000000000000000000001111 3 0 1 1 0 0 0 1 1 0 0 0 0 0 1 1 0 0 0 0 8 
0 74 1 253.667 261.889 0.210658 -0.97756 0.704113 -0.710087 1 000000000000000000000000 000000000000000000001111 3 0 1 1 0 0 0 1 1 0 0 0 0 0 1 1 0 0 0 0 8 
0 75 1 253.833 268.333 -0.927182 0.374612 0.654419 -0.756132 1 000000000000000000000000 000000000000000000001111 3 0 1 1 0 0 0 1 1 0 0 0 0 0 1 1 0 0 0 0 8 
0 76 1 255.6 273.2 -0.600464 -0.799652 0.377278 0.9261 1 000000000000000000000000 000000000000000000001111 3 0 1 1 0 0 0 1 1 0 0 0 0 0 1 1 0 0 0 0 8 
0 77 1 257.4 281 0.654682 0.755904 0.843926 -0.53646 1 000000000000000000000000 000000000000000000001111 3 0 1 1 0 0 0 1 1 0 0 0 0 0 1 1 0 0 0 0 8 
0 78 1 263 213.25 0.911374 0.411579 -0.447214 -0.894427 1 000000000000000000000000 000000000000000000001111 3 0 1 1 0 0 0 1 1 0 0 0 0 0 1 1 0 0 0 0 8 
0 79 1 263.143 220.571 0.897571 0.44087 0.393919 -0.919145 1 000000000000000000000000 000000000000000000001111 3 0 1 1 0 0 0 1 1 0 0 0 0 0 1 1 0 0 0 0 8 
0 80 1 261.5 227.5 0.597072 0.802188 -0.931675 -0.363293 1 000000000000000000000000 000000000000000000001111 3 0 1 1 0 0 0 1 1 0 0 0 0 0 1 1 0 0 0 0 8 
0 81 1 263.5 232.5 0.98226 0.187524 -0.773238 -0.634116 1 000000000000000000000000 000000000000000000001111 3 0 1 1 0 0 0 1 1 0 0 0 0 0 1 1 0 0 0 0 8 
0 82 1 262 238.75 -0.807649 -0.589664 -0.556522 -0.830833 1 000000000000000000000000 000000000000000000001111 3 0 1 1 0 0 0 1 1 0 0 0 0 0 1 1 0 0 0 0 8 
0 83 1 261.75 246 -0.891217 0.453578 0.638197 0.769873 1 000000000000000000000000 000000000000000000001111 3 0 1 1 0 0 0 1 1 0 0 0 0 0 1 1 0 0 0 0 8 
0 84 1 261.111 251 0.993323 0.115371 0.565516 -0.824737 1 000000000000000000000000 000000000000000000001111 3 0 1 1 0 0 0 1 1 0 0 0 0 0 1 1 0 0 0 0 8 
0 85 1 263.25 262.5 0.100513 0.994936 -0.822784 0.568354 1 000000000000000000000000 000000000000000000001111 3 0 1 1 0 0 0 1 1 0 0 0 0 0 1 1 0 0 0 0 8 
0 86 1 259.833 268 -0.532812 -0.846234 0.239684 -0.970851 1 000000000000000000000000 000000000000000000001111 3 0 1 1 0 0 0 1 1 0 0 0 0 0 1 1 0 0 0 0 8 
0 87 1 264.583 277.083 -0.424974 0.905205 -0.957826 0.287348 1 000000000000000000000000 000000000000000000001111 3 0 1 1 0 0 0 1 1 0 0 0 0 0 1 1 0 0 0 0 8 
0 89 1 271.444 211 0.33967 0.940545 -0.363542 -0.931578 1 000000000000000000000000 000000000000000000001111 3 0 1 1 0 0 0 1 1 0 0 0 0 0 1 1 0 0 0 0 8 
0 91 1 269.667 224.667 -0.912702 0.408625 0.309039 -0.951049 1 000000000000000000000000 000000000000000000001111 3 0 1 1 0 0 0 1 1 0 0 0 0 0 1 1 0 0 0 0 8 
0 92 1 272 235 -0.516154 0.856496 0.658505 0.752577 1 000000000000000000000000 000000000000000000001111 3 0 1 1 0 0 0 1 1 0 0 0 0 0 1 1 0 0 0 0 8 
0 93 1 268.3 241.8 -0.0556115 -0.998452 -0.990331 0.138727 1 000000000000000000000000 000000000000000000001111 3 0 1 1 0 0 0 1 1 0 0 0 0 0 1 1 0 0 0 0 8 
0 95 1 270 253.4 0.0818706 -0.996643 -0.44179 0.897118 1 000000000000000000000000 000000000000000000001111 3 0 1 1 0 0 0 1 1 0 0 0 0 0 1 1 0 0 0 0 8 
0 96 1 267 261 0.171787 -0.985134 -0.843661 -0.536875 1 000000000000000000000000 000000000000000000001111 3 0 1 1 0 0 0 1 1 0 0 0 0 0 1 1 0 0 0 0 8 
0 97 1 268.538 268.462 -0.565092 0.825028 0.83205 0.5547 1 000000000000000000000000 000000000000000000001111 3 0 1 1 0 0 0 1 1 0 0 0 0 0 1 1 0 0 0 0 8 
0 98 1 269.571 275.857 -0.63714 0.770748 -0.371391 0.928477 1 000000000000000000000000 000000000000000000001111 3 0 1 1 0 0 0 1 1 0 0 0 0 0 1 1 0 0 0 0 8 
0 99 1 270.333 279.667 -0.834957 0.550316 0.780869 -0.624695 1 000000000000000000000000 000000000000000000001111 3 0 1 1 0 0 0 1 1 0 0 0 0 0 1 1 0 0 0 0 8 
