0 1 1 213 210 -0.998606 0.0527758 0.130938 0.991391 1 000000000000000000000000 011111111111111111111111 3 0 1 1 0 0 0 1 1 0 0 0 0 0 1 1 0 0 0 0 8 
0 2 1 211.429 219.357 0.239973 -0.97078 0.26963 -0.962964 1 000000000000000000000000 011111111111111111111111 3 0 1 1 0 0 0 1 1 0 0 0 0 0 1 1 0 0 0 0 8 
0 3 1 209.091 227.273 -0.0324901 -0.999472 -0.994781 -0.102029 1 000000000000000000000000 011111111111111111111111 3 0 1 1 0 0 0 1 1 0 0 0 0 0 1 1 0 0 0 0 8 
0 4 1 214.889 234.556 -0.812847 -0.582477 -0.135113 -0.99083 1 000000000000000000000000 011111111111111111111111 3 0 1 1 0 0 0 1 1 0 0 0 0 0 1 1 0 0 0 0 8 1 6 
0 5 1 211.9 241.5 -0.879113 0.476614 0.410345 -0.911931 1 000000000000000000000000 011111111111111111111111 3 0 1 1 0 0 0 1 1 0 0 0 0 0 1 1 0 0 0 0 8 
0 6 1 213.444 247.778 -0.978224 -0.207553 -0.428622 0.903484 1 000000000000000000000000 011111111111111111111111 3 0 1 1 0 0 0 1 1 0 0 0 0 0 1 1 0 0 0 0 8 
0 7 1 211.364 255 0.999015 -0.044364 0.4175 0.908677 1 000000000000000000000000 011111111111111111111111 3 0 1 1 0 0 0 1 1 0 0 0 0 0 1 1 0 0 0 0 8 1 6 
0 8 1 214.214 258.429 -0.502064 0.864831 -0.967075 0.254493 1 000000000000000000000000 011111111111111111111111 3 0 1 1 0 0 0 1 1 0 0 0 0 0 1 1 0 0 0 0 8 1 6 1 6 
0 9 1 213.4 270.7 0.899624 -0.436666 0.470588 -0.882353 1 000000000000000000000000 011111111111111111111111 3 0 1 1 0 0 0 1 1 0 0 0 0 0 1 1 0 0 0 0 8 
0 10 1 213.9 276.4 -0.174805 -0.984603 -0.894427 -0.447214 1 000000000000000000000000 011111111111111111111111 3 0 1 1 0 0 0 1 1 0 0 0 0 0 1 1 0 0 0 0 8 1 6 
0 11 1 213.7 284.8 0.979668 -0.200627 0.999654 0.0263067 1 000000000000000000000000 011111111111111111111111 3 0 1 1 0 0 0 1 1 0 0 0 0 0 1 1 0 0 0 0 8 
0 12 1 221.8 212.6 -0.315674 0.948868 0 1 1 000000000000000000000000 011111111111111111111111 3 0 1 1 0 0 0 1 1 0 0 0 0 0 1 1 0 0 0 0 8 
0 13 1 220.917 220.167 0.530651 -0.847591 -0.674269 0.738485 1 000000000000000000000000 011111111111111111111111 3 0 1 1 0 0 0 1 1 0 0 0 0 0 1 1 0 0 0 0 8 
0 14 1 220.75 227.25 -0.526396 -0.850239 0.975133 0.221621 1 000000000000000000000000 011111111111111111111111 3 0 1 1 0 0 0 1 1 0 0 0 0 0 1 1 0 0 0 0 8 1 6 
0 15 1 219 234.538 -0.686019 0.727583 -0.694595 0.719401 1 000000000000000000000000 011111111111111111111111 3 0 1 1 0 0 0 1 1 0 0 0 0 0 1 1 0 0 0 0 8 1 6 
0 16 1 217.167 241 -0.114852 0.993383 -0.810614 -0.585581 1 000000000000000000000000 011111111111111111111111 3 0 1 1 0 0 0 1 1 0 0 0 0 0 1 1 0 0 0 0 8 1 6 
0 17 1 220.444 242.444 0.189805 0.981822 -0.0300425 0.999549 1 000000000000000000000000 011111111111111111111111 3 0 1 1 0 0 0 1 1 0 0 0 0 0 1 1 0 0 0 0 8 1 6 
0 18 1 219.636 257.182 -0.579698 -0.814831 -0.694595 0.719401 1 000000000000000000000000 011111111111111111111111 3 0 1 1 0 0 0 1 1 0 0 0 0 0 1 1 0 0 0 0 8 1 6 1 6 1 6 
0 19 1 220.222 260.889 0.224098 -0.974567 -0.759257 -0.650791 1 000000000000000000000000 011111111111111111111111 3 0 1 1 0 0 0 1 1 0 0 0 0 0 1 1 0 0 0 0 8 1 6 
0 20 1 221.667 267.778 -0.445475 -0.895294 -0.964764 0.263117 1 000000000000000000000000 011111111111111111111111 3 0 1 1 0 0 0 1 1 0 0 0 0 0 1 1 0 0 0 0 8 1 6 
0 21 1 220.8 275.2 -0.293793 -0.955869 -0.999269 0.0382234 1 000000000000000000000000 011111111111111111111111 3 0 1 1 0 0 0 1 1 0 0 0 0 0 1 1 0 0 0 0 8 1 6 
0 22 1 222.083 281.333 -0.27074 -0.962652 0.514496 -0.857493 1 000000000000000000000000 011111111111111111111111 3 0 1 1 0 0 0 1 1 0 0 0 0 0 1 1 0 0 0 0 8 1 6 
0 23 1 229.889 211.889 0.998983 -0.0450977 -0.894427 0.447214 1 000000000000000000000000 011111111111111111111111 3 0 1 1 0 0 0 1 1 0 0 0 0 0 1 1 0 0 0 0 8 
0 24 1 228.125 219.625 0.321892 -0.946777 0.863779 -0.503871 1 000000000000000000000000 011111111111111111111111 3 0 1 1 0 0 0 1 1 0 0 0 0 0 1 1 0 0 0 0 8 1 6 
0 25 1 224.111 226.333 -0.454827 0.89058 -0.910366 -0.413803 1 000000000000000000000000 011111111111111111111111 3 0 1 1 0 0 0 1 1 0 0 0 0 0 1 1 0 0 0 0 8 1 6 
0 26 1 225.9 233.8 -0.0273173 0.999627 -0.986394 0.164399 1 000000000000000000000000 011111111111111111111111 3 0 1 1 0 0 0 1 1 0 0 0 0 0 1 1 0 0 0 0 8 
0 28 1 229.833 246.5 0.399824 -0.916592 -1 0 1 000000000000000000000000 011111111111111111111111 3 0 1 1 0 0 0 1 1 0 0 0 0 0 1 1 0 0 0 0 8 1 6 
0 29 1 225.143 255.571 0.672913 -0.739722 -0.759257 0.650791 1 000000000000000000000000 011111111111111111111111 3 0 1 1 0 0 0 1 1 0 0 0 0 0 1 1 0 0 0 0 8 1 6 
0 30 1 229.125 262 -0.877618 -0.479361 -0.160676 0.987007 1 000000000000000000000000 011111111111111111111111 3 0 1 1 0 0 0 1 1 0 0 0 0 0 1 1 0 0 0 0 8 1 6 1 6 1 6 
0 31 1 225.923 267.769 -0.878249 0.478204 0.45902 -0.888426 1 000000000000000000000000 011111111111111111111111 3 0 1 1 0 0 0 1 1 0 0 0 0 0 1 1 0 0 0 0 8 1 6 
0 32 1 226.667 275.444 -0.958664 0.28454 -0.991288 -0.13171 1 000000000000000000000000 011111111111111111111111 3 0 1 1 0 0 0 1 1 0 0 0 0 0 1 1 0 0 0 0 8 1 6 
0 33 1 226.7 281 0.28006 -0.959983 0.452094 -0.89197 1 000000000000000000000000 011111111111111111111111 3 0 1 1 0 0 0 1 1 0 0 0 0 0 1 1 0 0 0 0 8 1 6 1 6 
0 34 1 235.375 212.5 -0.888695 0.4585 0.498964 0.866622 1 000000000000000000000000 011111111111111111111111 3 0 1 1 0 0 0 1 1 0 0 0 0 0 1 1 0 0 0 0 8 1 6 
0 35 1 232.5 218.9 0.976719 -0.214522 -0.0995037 -0.995037 1 000000000000000000000000 011111111111111111111111 3 0 1 1 0 0 0 1 1 0 0 0 0 0 1 1 0 0 0 0 8 1 6 1 6 
0 36 1 235.5 227.333 -0.98338 -0.181562 -0.413803 -0.910366 1 000000000000000000000000 011111111111111111111111 3 0 1 1 0 0 0 1 1 0 0 0 0 0 1 1 0 0 0 0 8 
0 37 1 232.538 234.231 -0.857656 0.514224 0.485643 -0.874157 1 000000000000000000000000 011111111111111111111111 3 0 1 1 0 0 0 1 1 0 0 0 0 0 1 1 0 0 0 0 8 1 6 
0 38 1 234.273 239.727 -0.0327308 0.999464 -0.993884 -0.110432 1 000000000000000000000000 011111111111111111111111 3 0 1 1 0 0 0 1 1 0 0 0 0 0 1 1 0 0 0 0 8 1 6 
0 39 1 231.5 246.214 0.345974 0.938244 0.222038 -0.975038 1 000000000000000000000000 011111111111111111111111 3 0 1 1 0 0 0 1 1 0 0 0 0 0 1 1 0 0 0 0 8 1 6 
0 40 1 233.067 257.2 -0.311307 0.950309 0.948683 0.316228 1 000000000000000000000000 011111111111111111111111 3 0 1 1 0 0 0 1 1 0 0 0 0 0 1 1 0 0 0 0 8 1 6 1 6 
0 41 1 232.4 261.6 0.619041 -0.785359 0 1 1 000000000000000000000000 011111111111111111111111 3 0 1 1 0 0 0 1 1 0 0 0 0 0 1 1 0 0 0 0 8 1 6 1 6 1 6 
0 42 1 234.077 265.846 -0.953551 0.30123 0.582688 0.812696 1 000000000000000000000000 011111111111111111111111 3 0 1 1 0 0 0 1 1 0 0 0 0 0 1 1 0 0 0 0 8 1 6 1 6 1 6 
0 43 1 233.357 275 -0.114259 0.993451 -0.90857 0.417733 1 000000000000000000000000 011111111111111111111111 3 0 1 1 0 0 0 1 1 0 0 0 0 0 1 1 0 0 0 0 8 
0 44 1 235.833 284.25 -0.866559 -0.499075 -0.727472 -0.686138 1 000000000000000000000000 011111111111111111111111 3 0 1 1 0 0 0 1 1 0 0 0 0 0 1 1 0 0 0 0 8 
0 45 1 238.667 213.667 -0.343619 -0.939109 -0.153985 -0.988073 1 000000000000000000000000 011111111111111111111111 3 0 1 1 0 0 0 1 1 0 0 0 0 0 1 1 0 0 0 0 8 1 6 1 6 
0 46 1 243.636 219.909 0.33784 0.941204 -0.0525588 0.998618 1 000000000000000000000000 011111111111111111111111 3 0 1 1 0 0 0 1 1 0 0 0 0 0 1 1 0 0 0 0 8 1 6 
0 47 1 243.083 227.167 0.756416 0.654091 -0.643192 0.765705 1 000000000000000000000000 011111111111111111111111 3 0 1 1 0 0 0 1 1 0 0 0 0 0 1 1 0 0 0 0 8 
0 48 1 243.364 233.727 -0.0244122 0.999702 0.38075 -0.924678 1 000000000000000000000000 011111111111111111111111 3 0 1 1 0 0 0 1 1 0 0 0 0 0 1 1 0 0 0 0 8 
0 49 1 240.333 242.222 -0.819484 -0.573103 -0.861934 0.50702 1 000000000000000000000000 011111111111111111111111 3 0 1 1 0 0 0 1 1 0 0 0 0 0 1 1 0 0 0 0 8 1 6 
0 50 1 246.286 248.357 0.946659 0.322238 0.993605 -0.11291 1 000000000000000000000000 011111111111111111111111 3 0 1 1 0 0 0 1 1 0 0 0 0 0 1 1 0 0 0 0 8 1 6 1 6 
0 51 1 241.667 251.75 0.65411 0.7564 -0.282166 0.959366 1 000000000000000000000000 011111111111111111111111 3 0 1 1 0 0 0 1 1 0 0 0 0 0 1 1 0 0 0 0 8 1 6 
0 52 1 236.333 265.833 -0.549755 0.835326 -0.843098 0.53776 1 000000000000000000000000 011111111111111111111111 3 0 1 1 0 0 0 1 1 0 0 0 0 0 1 1 0 0 0 0 8 1 6 
0 53 1 241.25 270 0.674338 0.738423 0.371391 0.928477 1 000000000000000000000000 011111111111111111111111 3 0 1 1 0 0 0 1 1 0 0 0 0 0 1 1 0 0 0 0 8 
0 54 1 242.714 276 -0.999856 -0.0169992 0.187776 0.982212 1 000000000000000000000000 011111111111111111111111 3 0 1 1 0 0 0 1 1 0 0 0 0 0 1 1 0 0 0 0 8 
0 55 1 242 283.143 0.999876 -0.015725 0.294086 -0.955779 1 000000000000000000000000 011111111111111111111111 3 0 1 1 0 0 0 1 1 0 0 0 0 0 1 1 0 0 0 0 8 
0 56 1 245.833 211.5 0.0923612 -0.995726 -0.650791 -0.759257 1 000000000000000000000000 011111111111111111111111 3 0 1 1 0 0 0 1 1 0 0 0 0 0 1 1 0 0 0 0 8 
0 57 1 247.3 221 -0.652154 0.758086 -0.0830455 0.996546 1 000000000000000000000000 011111111111111111111111 3 0 1 1 0 0 0 1 1 0 0 0 0 0 1 1 0 0 0 0 8 1 6 1 6 
0 58 1 249.125 224.75 -0.992753 0.120175 -0.868243 -0.496139 1 000000000000000000000000 011111111111111111111111 3 0 1 1 0 0 0 1 1 0 0 0 0 0 1 1 0 0 0 0 8 1 6 
0 59 1 249.846 234.462 0.601937 -0.798543 -0.724138 -0.689655 1 000000000000000000000000 011111111111111111111111 3 0 1 1 0 0 0 1 1 0 0 0 0 0 1 1 0 0 0 0 8 
0 60 1 248.444 241 0.374008 0.927426 0.728117 -0.685453 1 000000000000000000000000 011111111111111111111111 3 0 1 1 0 0 0 1 1 0 0 0 0 0 1 1 0 0 0 0 8 1 6 1 6 
0 61 1 249.364 247.545 0.989277 0.146052 -0.624695 0.780869 1 000000000000000000000000 011111111111111111111111 3 0 1 1 0 0 0 1 1 0 0 0 0 0 1 1 0 0 0 0 8 1 6 1 6 
0 62 1 250.111 255.222 0.973989 0.226595 -1 0 1 000000000000000000000000 011111111111111111111111 3 0 1 1 0 0 0 1 1 0 0 0 0 0 1 1 0 0 0 0 8 1 6 
0 63 1 247 263 0.100343 -0.994953 0.105786 0.994389 1 000000000000000000000000 011111111111111111111111 3 0 1 1 0 0 0 1 1 0 0 0 0 0 1 1 0 0 0 0 8 1 6 
0 64 1 246 263.2 -0.245627 -0.969364 0.931243 -0.364399 1 000000000000000000000000 011111111111111111111111 3 0 1 1 0 0 0 1 1 0 0 0 0 0 1 1 0 0 0 0 8 1 6 
0 65 1 248.167 276.5 -0.552115 0.833768 -0.861207 0.508254 1 000000000000000000000000 011111111111111111111111 3 0 1 1 0 0 0 1 1 0 0 0 0 0 1 1 0 0 0 0 8 
0 66 1 247.5 282.5 0.370783 -0.928719 -0.435561 -0.900159 1 000000000000000000000000 011111111111111111111111 3 0 1 1 0 0 0 1 1 0 0 0 0 0 1 1 0 0 0 0 8 
0 67 1 256.143 211.571 -0.97622 0.216784 0.393919 0.919145 1 000000000000000000000000 011111111111111111111111 3 0 1 1 0 0 0 1 1 0 0 0 0 0 1 1 0 0 0 0 8 1 6 
0 68 1 255.333 219.75 0.996164 0.0875096 0 1 1 000000000000000000000000 011111111111111111111111 3 0 1 1 0 0 0 1 1 0 0 0 0 0 1 1 0 0 0 0 8 
0 69 1 255 226.917 0.758547 -0.651618 0.249878 0.968277 1 000000000000000000000000 011111111111111111111111 3 0 1 1 0 0 0 1 1 0 0 0 0 0 1 1 0 0 0 0 8 
0 70 1 257.333 237.5 0.555737 0.831358 1 0 1 000000000000000000000000 011111111111111111111111 3 0 1 1 0 0 0 1 1 0 0 0 0 0 1 1 0 0 0 0 8 1 6 
0 71 1 253.444 242.333 0.321117 -0.94704 0.569467 -0.822014 1 000000000000000000000000 011111111111111111111111 3 0 1 1 0 0 0 1 1 0 0 0 0 0 1 1 0 0 0 0 8 1 6 
0 72 1 255 249 0.944105 0.329646 0 1 1 000000000000000000000000 011111111111111111111111 3 0 1 1 0 0 0 1 1 0 0 0 0 0 1 1 0 0 0 0 8 1 6 
0 73 1 252.8 253.4 0.78664 -0.617411 -0.986394 0.164399 1 000000000000000000000000 011111111111111111111111 3 0 1 1 0 0 0 1 1 0 0 0 0 0 1 1 0 0 0 0 8 1 6 
0 74 1 258.625 262 -0.99675 0.0805523 0.039968 0.999201 1 000000000000000000000000 011111111111111111111111 3 0 1 1 0 0 0 1 1 0 0 0 0 0 1 1 0 0 0 0 8 1 6 
0 75 1 254.6 269 -0.0286342 0.99959 0.32508 0.945687 1 000000000000000000000000 011111111111111111111111 3 0 1 1 0 0 0 1 1 0 0 0 0 0 1 1 0 0 0 0 8 
0 76 1 254.636 277.364 0.185957 0.982558 0.40364 -0.914918 1 000000000000000000000000 011111111111111111111111 3 0 1 1 0 0 0 1 1 0 0 0 0 0 1 1 0 0 0 0 8 1 6 
0 77 1 255.6 283.3 -0.967073 -0.254499 0.837998 0.545673 1 000000000000000000000000 011111111111111111111111 3 0 1 1 0 0 0 1 1 0 0 0 0 0 1 1 0 0 0 0 8 1 6 
0 78 1 259.714 212.714 0.52177 -0.853086 -0.999966 -0.00819645 1 000000000000000000000000 011111111111111111111111 3 0 1 1 0 0 0 1 1 0 0 0 0 0 1 1 0 0 0 0 8 1 6 1 6 
0 79 1 263.3 219.7 0.997134 0.0756618 -0.529999 -0.847998 1 000000000000000000000000 011111111111111111111111 3 0 1 1 0 0 0 1 1 0 0 0 0 0 1 1 0 0 0 0 8 1 6 
0 80 1 261.875 225.25 0.879065 0.476702 0.882353 0.470588 1 000000000000000000000000 011111111111111111111111 3 0 1 1 0 0 0 1 1 0 0 0 0 0 1 1 0 0 0 0 8 
0 81 1 259.8 234.1 -0.116968 0.993136 0.776114 -0.630593 1 000000000000000000000000 011111111111111111111111 3 0 1 1 0 0 0 1 1 0 0 0 0 0 1 1 0 0 0 0 8 1 6 
0 82 1 266.364 241.273 0.266515 0.963831 -0.94299 -0.33282 1 000000000000000000000000 011111111111111111111111 3 0 1 1 0 0 0 1 1 0 0 0 0 0 1 1 0 0 0 0 8 1 6 
0 83 1 262.111 247 0.501986 0.864876 -0.20601 -0.97855 1 000000000000000000000000 011111111111111111111111 3 0 1 1 0 0 0 1 1 0 0 0 0 0 1 1 0 0 0 0 8 
0 84 1 263.545 254.364 -0.491131 -0.871086 0.627159 -0.778891 1 000000000000000000000000 011111111111111111111111 3 0 1 1 0 0 0 1 1 0 0 0 0 0 1 1 0 0 0 0 8 1 6 
0 85 1 261.545 264.182 -0.982889 0.1842 0.175574 0.984466 1 000000000000000000000000 011111111111111111111111 3 0 1 1 0 0 0 1 1 0 0 0 0 0 1 1 0 0 0 0 8 1 6 1 6 
0 86 1 260.4 268.5 -0.994631 -0.103485 0.670913 -0.741536 1 000000000000000000000000 011111111111111111111111 3 0 1 1 0 0 0 1 1 0 0 0 0 0 1 1 0 0 0 0 8 1 6 
0 87 1 262.714 275.143 -0.112775 0.993621 0.0499376 0.998752 1 000000000000000000000000 011111111111111111111111 3 0 1 1 0 0 0 1 1 0 0 0 0 0 1 1 0 0 0 0 8 
0 88 1 261.167 279.833 -0.982497 -0.186279 -0.267323 0.963607 1 000000000000000000000000 011111111111111111111111 3 0 1 1 0 0 0 1 1 0 0 0 0 0 1 1 0 0 0 0 8 
0 89 1 266.857 212.643 -0.752737 -0.658322 0.259973 0.965616 1 000000000000000000000000 011111111111111111111111 3 0 1 1 0 0 0 1 1 0 0 0 0 0 1 1 0 0 0 0 8 1 6 
0 90 1 268.571 222.143 -0.995899 0.090472 -0.857493 0.514496 1 000000000000000000000000 011111111111111111111111 3 0 1 1 0 0 0 1 1 0 0 0 0 0 1 1 0 0 0 0 8 1 6 1 6 
0 91 1 270.727 226.727 -0.520226 -0.854028 1 0 1 000000000000000000000000 011111111111111111111111 3 0 1 1 0 0 0 1 1 0 0 0 0 0 1 1 0 0 0 0 8 1 6 
0 92 1 268 234.714 -0.960773 -0.277336 -0.813733 0.581238 1 000000000000000000000000 011111111111111111111111 3 0 1 1 0 0 0 1 1 0 0 0 0 0 1 1 0 0 0 0 8 
0 93 1 269.385 241.077 0.857971 -0.513697 0.447214 0.894427 1 000000000000000000000000 011111111111111111111111 3 0 1 1 0 0 0 1 1 0 0 0 0 0 1 1 0 0 0 0 8 1 6 
0 94 1 269.111 249.111 0.495569 -0.868569 -0.33282 0.94299 1 000000000000000000000000 011111111111111111111111 3 0 1 1 0 0 0 1 1 0 0 0 0 0 1 1 0 0 0 0 8 
0 95 1 268.154 255.231 0.389324 0.921101 -0.980581 -0.196116 1 000000000000000000000000 011111111111111111111111 3 0 1 1 0 0 0 1 1 0 0 0 0 0 1 1 0 0 0 0 8 1 6 
0 96 1 272 262.636 0.991137 -0.132846 0.977176 0.21243 1 000000000000000000000000 011111111111111111111111 3 0 1 1 0 0 0 1 1 0 0 0 0 0 1 1 0 0 0 0 8 1 6 
0 97 1 267.9 266.1 -0.252483 0.967601 -0.770254 0.637737 1 000000000000000000000000 011111111111111111111111 3 0 1 1 0 0 0 1 1 0 0 0 0 0 1 1 0 0 0 0 8 1 6 
0 98 1 268.533 277.467 0.803053 -0.595908 0.277161 -0.960824 1 000000000000000000000000 011111111111111111111111 3 0 1 1 0 0 0 1 1 0 0 0 0 0 1 1 0 0 0 0 8 1 6 
0 99 1 267.286 279.714 0.609477 -0.792804 0.884918 -0.465746 1 000000000000000000000000 011111111111111111111111 3 0 1 1 0 0 0 1 1 0 0 0 0 0 1 1 0 0 0 0 8 1 6 
0 100 1 276.889 217.222 0.983564 0.18056 -1 0 1 000000000000000000000000 011111111111111111111111 3 0 1 1 0 0 0 1 1 0 0 0 0 0 1 1 0 0 0 0 8 
