0 1 1 214.6 214.6 0.161929 -0.986802 -0.948683 0.316228 1 000000000000000000000000 000000000011111111111111 3 0 1 1 0 0 0 1 1 0 0 0 0 0 1 1 0 0 0 0 8 
0 2 1 215 222.333 -0.228073 -0.973644 0.447214 0.894427 1 000000000000000000000000 000000000011111111111111 3 0 1 1 0 0 0 1 1 0 0 0 0 0 1 1 0 0 0 0 8 
0 3 1 210.2 226 -0.575205 -0.81801 0.658505 -0.752577 1 000000000000000000000000 000000000011111111111111 3 0 1 1 0 0 0 1 1 0 0 0 0 0 1 1 0 0 0 0 8 
0 4 1 212.2 233.4 -0.208719 0.977976 0.645942 -0.763386 1 000000000000000000000000 000000000011111111111111 3 0 1 1 0 0 0 1 1 0 0 0 0 0 1 1 0 0 0 0 8 
0 5 1 211.5 240.083 0.505345 -0.862917 0 1 1 000000000000000000000000 000000000011111111111111 3 0 1 1 0 0 0 1 1 0 0 0 0 0 1 1 0 0 0 0 8 
0 6 1 214.857 247.357 -0.231429 -0.972852 -0.0175412 0.999846 1 000000000000000000000000 000000000011111111111111 3 0 1 1 0 0 0 1 1 0 0 0 0 0 1 1 0 0 0 0 8 
0 7 1 212.333 256.556 0.875895 -0.482501 -0.33282 0.94299 1 000000000000000000000000 000000000011111111111111 3 0 1 1 0 0 0 1 1 0 0 0 0 0 1 1 0 0 0 0 8 1 24 
0 8 1 211.7 260.7 0.988636 0.150332 0.930751 0.365652 1 000000000000000000000000 000000000011111111111111 3 0 1 1 0 0 0 1 1 0 0 0 0 0 1 1 0 0 0 0 8 1 24 
0 9 1 212.4 269 0.916193 0.400737 -0.296876 0.954916 1 000000000000000000000000 000000000011111111111111 3 0 1 1 0 0 0 1 1 0 0 0 0 0 1 1 0 0 0 0 8 
0 10 1 214.5 276.25 0.787458 0.616368 0.465746 -0.884918 1 000000000000000000000000 000000000011111111111111 3 0 1 1 0 0 0 1 1 0 0 0 0 0 1 1 0 0 0 0 8 1 24 
0 11 1 213.667 281.889 -0.776657 -0.629924 1 0 1 000000000000000000000000 000000000011111111111111 3 0 1 1 0 0 0 1 1 0 0 0 0 0 1 1 0 0 0 0 8 1 24 
0 13 1 220 219.5 0.107557 0.994199 0.447214 -0.894427 1 000000000000000000000000 000000000011111111111111 3 0 1 1 0 0 0 1 1 0 0 0 0 0 1 1 0 0 0 0 8 
0 15 1 219 232.375 0.999999 0.00138796 0 1 1 000000000000000000000000 000000000011111111111111 3 0 1 1 0 0 0 1 1 0 0 0 0 0 1 1 0 0 0 0 8 
0 16 1 220 241.167 0.701922 0.712254 -0.788024 0.615644 1 000000000000000000000000 000000000011111111111111 3 0 1 1 0 0 0 1 1 0 0 0 0 0 1 1 0 0 0 0 8 
0 19 1 228 264.4 0.0281034 0.999605 -0.997427 0.0716849 1 000000000000000000000000 000000000011111111111111 3 0 1 1 0 0 0 1 1 0 0 0 0 0 1 1 0 0 0 0 8 
0 22 1 219.667 283.667 -0.999989 -0.00467296 0.797879 -0.602818 1 000000000000000000000000 000000000011111111111111 3 0 1 1 0 0 0 1 1 0 0 0 0 0 1 1 0 0 0 0 8 
0 23 1 228 214.5 0.517124 0.85591 -0.316228 0.948683 1 000000000000000000000000 000000000011111111111111 3 0 1 1 0 0 0 1 1 0 0 0 0 0 1 1 0 0 0 0 8 
0 24 1 227.267 221.6 -0.726917 0.686726 0.640184 -0.768221 1 000000000000000000000000 000000000011111111111111 3 0 1 1 0 0 0 1 1 0 0 0 0 0 1 1 0 0 0 0 8 1 24 
0 25 1 228.6 230 0.268712 0.96322 0.377897 0.925848 1 000000000000000000000000 000000000011111111111111 3 0 1 1 0 0 0 1 1 0 0 0 0 0 1 1 0 0 0 0 8 
0 27 1 227.5 242.25 0.41174 -0.911301 -0.955779 -0.294086 1 000000000000000000000000 000000000011111111111111 3 0 1 1 0 0 0 1 1 0 0 0 0 0 1 1 0 0 0 0 8 1 24 
0 28 1 224.882 246.294 -0.288086 -0.957604 0.976187 -0.21693 1 000000000000000000000000 000000000011111111111111 3 0 1 1 0 0 0 1 1 0 0 0 0 0 1 1 0 0 0 0 8 
0 29 1 225.5 253.5 0.997382 0.0723135 0.141421 -0.989949 1 000000000000000000000000 000000000011111111111111 3 0 1 1 0 0 0 1 1 0 0 0 0 0 1 1 0 0 0 0 8 
0 31 1 225.889 268.556 -0.88346 0.468507 -0.222825 -0.974859 1 000000000000000000000000 000000000011111111111111 3 0 1 1 0 0 0 1 1 0 0 0 0 0 1 1 0 0 0 0 8 
0 32 1 226 279.778 0.915585 0.402125 0.973417 -0.229039 1 000000000000000000000000 000000000011111111111111 3 0 1 1 0 0 0 1 1 0 0 0 0 0 1 1 0 0 0 0 8 1 24 
0 33 1 226.6 284.4 0.753809 -0.657094 0.126747 -0.991935 1 000000000000000000000000 000000000011111111111111 3 0 1 1 0 0 0 1 1 0 0 0 0 0 1 1 0 0 0 0 8 1 24 
0 34 1 234.333 208.667 -0.962173 -0.272439 0.636881 0.770962 1 000000000000000000000000 000000000011111111111111 3 0 1 1 0 0 0 1 1 0 0 0 0 0 1 1 0 0 0 0 8 
0 35 1 234 220.818 -0.815882 -0.578219 0.92494 -0.380112 1 000000000000000000000000 000000000011111111111111 3 0 1 1 0 0 0 1 1 0 0 0 0 0 1 1 0 0 0 0 8 1 24 
0 36 1 234.333 228.667 -0.546697 0.83733 -0.656781 0.754082 1 000000000000000000000000 000000000011111111111111 3 0 1 1 0 0 0 1 1 0 0 0 0 0 1 1 0 0 0 0 8 
0 37 1 236.333 235.833 0.989534 -0.144303 -0.980581 0.196116 1 000000000000000000000000 000000000011111111111111 3 0 1 1 0 0 0 1 1 0 0 0 0 0 1 1 0 0 0 0 8 1 24 
0 38 1 236 240.462 -0.693108 0.720834 -0.611448 -0.791285 1 000000000000000000000000 000000000011111111111111 3 0 1 1 0 0 0 1 1 0 0 0 0 0 1 1 0 0 0 0 8 1 24 
0 39 1 232 245.333 -0.0755326 0.997143 -1 0 1 000000000000000000000000 000000000011111111111111 3 0 1 1 0 0 0 1 1 0 0 0 0 0 1 1 0 0 0 0 8 1 24 
0 40 1 233.333 255.333 -0.774368 -0.632736 0.707107 0.707107 1 000000000000000000000000 000000000011111111111111 3 0 1 1 0 0 0 1 1 0 0 0 0 0 1 1 0 0 0 0 8 
0 41 1 231.375 259.625 0.992488 -0.12234 0.989949 0.141421 1 000000000000000000000000 000000000011111111111111 3 0 1 1 0 0 0 1 1 0 0 0 0 0 1 1 0 0 0 0 8 
0 42 1 234 272.5 -0.394018 0.919103 -0.447214 -0.894427 1 000000000000000000000000 000000000011111111111111 3 0 1 1 0 0 0 1 1 0 0 0 0 0 1 1 0 0 0 0 8 1 24 
0 43 1 231.5 274 0.13868 0.990337 0.447214 -0.894427 1 000000000000000000000000 000000000011111111111111 3 0 1 1 0 0 0 1 1 0 0 0 0 0 1 1 0 0 0 0 8 1 24 
0 44 1 234.625 283.875 -0.90948 -0.415747 0 1 1 000000000000000000000000 000000000011111111111111 3 0 1 1 0 0 0 1 1 0 0 0 0 0 1 1 0 0 0 0 8 
0 45 1 242.444 217.333 0.814752 -0.579809 0.857493 -0.514496 1 000000000000000000000000 000000000011111111111111 3 0 1 1 0 0 0 1 1 0 0 0 0 0 1 1 0 0 0 0 8 
0 46 1 242.143 222.286 -0.662547 0.749021 0.970143 0.242536 1 000000000000000000000000 000000000011111111111111 3 0 1 1 0 0 0 1 1 0 0 0 0 0 1 1 0 0 0 0 8 1 24 
0 47 1 242.333 227.167 -0.922869 -0.385115 0.738485 0.674269 1 000000000000000000000000 000000000011111111111111 3 0 1 1 0 0 0 1 1 0 0 0 0 0 1 1 0 0 0 0 8 1 24 1 24 
0 48 1 242.889 232.778 -0.255053 -0.966927 0.354427 -0.935084 1 000000000000000000000000 000000000011111111111111 3 0 1 1 0 0 0 1 1 0 0 0 0 0 1 1 0 0 0 0 8 1 24 1 24 
0 49 1 244 239.75 0.812181 -0.583405 -0.995893 -0.0905357 1 000000000000000000000000 000000000011111111111111 3 0 1 1 0 0 0 1 1 0 0 0 0 0 1 1 0 0 0 0 8 1 24 
0 52 1 237.167 261 -0.870329 -0.49247 0 1 1 000000000000000000000000 000000000011111111111111 3 0 1 1 0 0 0 1 1 0 0 0 0 0 1 1 0 0 0 0 8 
0 53 1 241.571 269.143 -0.0262113 -0.999656 -0.819232 -0.573462 1 000000000000000000000000 000000000011111111111111 3 0 1 1 0 0 0 1 1 0 0 0 0 0 1 1 0 0 0 0 8 
0 54 1 246.8 277.6 0.829161 -0.55901 0 1 1 000000000000000000000000 000000000011111111111111 3 0 1 1 0 0 0 1 1 0 0 0 0 0 1 1 0 0 0 0 8 
0 55 1 245 282 0.819169 0.573552 -0.229039 0.973417 1 000000000000000000000000 000000000011111111111111 3 0 1 1 0 0 0 1 1 0 0 0 0 0 1 1 0 0 0 0 8 
0 56 1 246.4 214.2 -0.904466 0.426545 0.316228 -0.948683 1 000000000000000000000000 000000000011111111111111 3 0 1 1 0 0 0 1 1 0 0 0 0 0 1 1 0 0 0 0 8 
0 57 1 247.571 219.857 -0.00290029 0.999996 -0.974391 0.22486 1 000000000000000000000000 000000000011111111111111 3 0 1 1 0 0 0 1 1 0 0 0 0 0 1 1 0 0 0 0 8 
0 58 1 246.5 230.5 0.203922 0.978987 0 1 1 000000000000000000000000 000000000011111111111111 3 0 1 1 0 0 0 1 1 0 0 0 0 0 1 1 0 0 0 0 8 1 24 1 24 1 24 
0 59 1 246.286 234.143 0.728732 -0.684799 0.447214 -0.894427 1 000000000000000000000000 000000000011111111111111 3 0 1 1 0 0 0 1 1 0 0 0 0 0 1 1 0 0 0 0 8 1 24 1 24 
0 60 1 247.875 239.75 -0.999921 -0.0125853 0.152057 -0.988372 1 000000000000000000000000 000000000011111111111111 3 0 1 1 0 0 0 1 1 0 0 0 0 0 1 1 0 0 0 0 8 1 24 
0 61 1 249.222 246.556 0.816065 -0.57796 -0.316228 0.948683 1 000000000000000000000000 000000000011111111111111 3 0 1 1 0 0 0 1 1 0 0 0 0 0 1 1 0 0 0 0 8 
0 62 1 247.6 258 -0.944356 -0.328926 0.371391 0.928477 1 000000000000000000000000 000000000011111111111111 3 0 1 1 0 0 0 1 1 0 0 0 0 0 1 1 0 0 0 0 8 
0 63 1 249.125 264.5 -0.00981206 0.999952 0.997785 -0.066519 1 000000000000000000000000 000000000011111111111111 3 0 1 1 0 0 0 1 1 0 0 0 0 0 1 1 0 0 0 0 8 1 24 
0 65 1 250.5 274.625 0.957362 0.288892 0.316228 -0.948683 1 000000000000000000000000 000000000011111111111111 3 0 1 1 0 0 0 1 1 0 0 0 0 0 1 1 0 0 0 0 8 
0 66 1 248.667 284.167 0.866757 -0.49873 -0.992278 -0.124035 1 000000000000000000000000 000000000011111111111111 3 0 1 1 0 0 0 1 1 0 0 0 0 0 1 1 0 0 0 0 8 
0 67 1 254.857 211.571 -0.0303447 -0.999539 0.470869 0.882203 1 000000000000000000000000 000000000011111111111111 3 0 1 1 0 0 0 1 1 0 0 0 0 0 1 1 0 0 0 0 8 
0 69 1 253 225 0.582253 -0.813007 0.242536 0.970143 1 000000000000000000000000 000000000011111111111111 3 0 1 1 0 0 0 1 1 0 0 0 0 0 1 1 0 0 0 0 8 
0 70 1 255.125 233.25 0.122348 0.992487 -0.875578 -0.483077 1 000000000000000000000000 000000000011111111111111 3 0 1 1 0 0 0 1 1 0 0 0 0 0 1 1 0 0 0 0 8 
0 72 1 255.6 249 -0.0101085 0.999949 -0.97603 -0.217638 1 000000000000000000000000 000000000011111111111111 3 0 1 1 0 0 0 1 1 0 0 0 0 0 1 1 0 0 0 0 8 
0 73 1 256.467 253.267 0.973632 0.228123 -0.936329 -0.351123 1 000000000000000000000000 000000000011111111111111 3 0 1 1 0 0 0 1 1 0 0 0 0 0 1 1 0 0 0 0 8 
0 74 1 254.5 260.5 0.920476 -0.3908 0.8 0.6 1 000000000000000000000000 000000000011111111111111 3 0 1 1 0 0 0 1 1 0 0 0 0 0 1 1 0 0 0 0 8 
0 75 1 253.556 267.556 -0.998447 -0.055704 -0.514496 -0.857493 1 000000000000000000000000 000000000011111111111111 3 0 1 1 0 0 0 1 1 0 0 0 0 0 1 1 0 0 0 0 8 1 24 
0 76 1 253.667 276.333 0.495193 -0.868783 -0.894427 0.447214 1 000000000000000000000000 000000000011111111111111 3 0 1 1 0 0 0 1 1 0 0 0 0 0 1 1 0 0 0 0 8 
0 78 1 261 213.667 -0.815043 -0.5794 0.998618 0.0525588 1 000000000000000000000000 000000000011111111111111 3 0 1 1 0 0 0 1 1 0 0 0 0 0 1 1 0 0 0 0 8 
0 79 1 264 221.273 -0.810624 0.585567 -0.168296 -0.985736 1 000000000000000000000000 000000000011111111111111 3 0 1 1 0 0 0 1 1 0 0 0 0 0 1 1 0 0 0 0 8 
0 80 1 265.5 226 -0.9442 0.329374 0.573462 0.819232 1 000000000000000000000000 000000000011111111111111 3 0 1 1 0 0 0 1 1 0 0 0 0 0 1 1 0 0 0 0 8 
0 82 1 260.8 243 -0.295558 0.955325 0.857493 -0.514496 1 000000000000000000000000 000000000011111111111111 3 0 1 1 0 0 0 1 1 0 0 0 0 0 1 1 0 0 0 0 8 
0 83 1 263.75 250 0.904163 0.427188 -0.864175 -0.503191 1 000000000000000000000000 000000000011111111111111 3 0 1 1 0 0 0 1 1 0 0 0 0 0 1 1 0 0 0 0 8 
0 84 1 261.75 255.75 -0.520587 -0.853809 0.413803 -0.910366 1 000000000000000000000000 000000000011111111111111 3 0 1 1 0 0 0 1 1 0 0 0 0 0 1 1 0 0 0 0 8 
0 86 1 261.5 266.667 -0.983044 0.183369 0.73994 -0.672673 1 000000000000000000000000 000000000011111111111111 3 0 1 1 0 0 0 1 1 0 0 0 0 0 1 1 0 0 0 0 8 
0 87 1 261.75 279.75 0.850073 0.526665 0.124035 0.992278 1 000000000000000000000000 000000000011111111111111 3 0 1 1 0 0 0 1 1 0 0 0 0 0 1 1 0 0 0 0 8 
0 88 1 258 286.286 0.0279576 0.999609 -0.894427 -0.447214 1 000000000000000000000000 000000000011111111111111 3 0 1 1 0 0 0 1 1 0 0 0 0 0 1 1 0 0 0 0 8 
0 89 1 267 213.5 0.999371 0.0354537 -0.447214 -0.894427 1 000000000000000000000000 000000000011111111111111 3 0 1 1 0 0 0 1 1 0 0 0 0 0 1 1 0 0 0 0 8 
0 90 1 272.182 217.364 0.99905 0.0435745 -0.923077 -0.384615 1 000000000000000000000000 000000000011111111111111 3 0 1 1 0 0 0 1 1 0 0 0 0 0 1 1 0 0 0 0 8 1 24 
0 92 1 267.429 232.571 -0.66725 0.744834 -0.384615 0.923077 1 000000000000000000000000 000000000011111111111111 3 0 1 1 0 0 0 1 1 0 0 0 0 0 1 1 0 0 0 0 8 
0 93 1 265.6 241.6 -0.929324 -0.369265 0.5547 0.83205 1 000000000000000000000000 000000000011111111111111 3 0 1 1 0 0 0 1 1 0 0 0 0 0 1 1 0 0 0 0 8 
0 94 1 271.714 249.143 -0.528668 0.848829 -0.316228 0.948683 1 000000000000000000000000 000000000011111111111111 3 0 1 1 0 0 0 1 1 0 0 0 0 0 1 1 0 0 0 0 8 
0 95 1 268.6 254.2 0.657642 -0.753331 -0.707107 0.707107 1 000000000000000000000000 000000000011111111111111 3 0 1 1 0 0 0 1 1 0 0 0 0 0 1 1 0 0 0 0 8 
0 96 1 270.571 260.143 0.999865 -0.0164151 -0.196116 -0.980581 1 000000000000000000000000 000000000011111111111111 3 0 1 1 0 0 0 1 1 0 0 0 0 0 1 1 0 0 0 0 8 1 24 
0 97 1 269.125 265.125 -0.579633 0.814877 -0.986394 -0.164399 1 000000000000000000000000 000000000011111111111111 3 0 1 1 0 0 0 1 1 0 0 0 0 0 1 1 0 0 0 0 8 1 24 
0 98 1 269.4 276.8 -0.687942 0.725766 -0.989203 0.146549 1 000000000000000000000000 000000000011111111111111 3 0 1 1 0 0 0 1 1 0 0 0 0 0 1 1 0 0 0 0 8 
0 99 1 269.625 281.25 0.946409 0.32297 0.874157 -0.485643 1 000000000000000000000000 000000000011111111111111 3 0 1 1 0 0 0 1 1 0 0 0 0 0 1 1 0 0 0 0 8 
0 100 1 275.75 215.75 0.251231 -0.967927 1 0 1 000000000000000000000000 000000000011111111111111 3 0 1 1 0 0 0 1 1 0 0 0 0 0 1 1 0 0 0 0 8 1 24 
