0 1 1 211.5 213.5 0.975602 -0.219547 0.949595 -0.313479 1 000000000000000000000000 000000000000000000001111 3 0 1 1 0 0 0 1 1 0 0 0 0 0 1 1 0 0 0 0 8 
0 2 1 213.333 219.833 0.0158443 -0.999874 0.341743 -0.939793 1 000000000000000000000000 000000000000000000001111 3 0 1 1 0 0 0 1 1 0 0 0 0 0 1 1 0 0 0 0 8 
0 3 1 212.5 226.333 0.999616 -0.0277196 -0.992734 -0.120331 1 000000000000000000000000 000000000000000000001111 3 0 1 1 0 0 0 1 1 0 0 0 0 0 1 1 0 0 0 0 8 
0 4 1 213.286 234 0.998081 0.0619255 -0.780969 -0.624569 1 000000000000000000000000 000000000000000000001111 3 0 1 1 0 0 0 1 1 0 0 0 0 0 1 1 0 0 0 0 8 
0 5 1 213.8 241.6 0.803523 -0.595274 0.138946 -0.9903 1 000000000000000000000000 000000000000000000001111 3 0 1 1 0 0 0 1 1 0 0 0 0 0 1 1 0 0 0 0 8 
0 6 1 212.833 247.833 -0.857303 0.514811 -0.894427 0.447214 1 000000000000000000000000 000000000000000000001111 3 0 1 1 0 0 0 1 1 0 0 0 0 0 1 1 0 0 0 0 8 
0 7 1 212.5 255.25 0.064585 0.997912 0 -1 1 000000000000000000000000 000000000000000000001111 3 0 1 1 0 0 0 1 1 0 0 0 0 0 1 1 0 0 0 0 8 
0 8 1 213.833 261 0.865003 -0.501767 -0.371799 0.928313 1 000000000000000000000000 000000000000000000001111 3 0 1 1 0 0 0 1 1 0 0 0 0 0 1 1 0 0 0 0 8 
0 9 1 212.833 268.167 0.492484 0.870322 0.141421 0.989949 1 000000000000000000000000 000000000000000000001111 3 0 1 1 0 0 0 1 1 0 0 0 0 0 1 1 0 0 0 0 8 
0 10 1 214.5 274.5 0.288987 0.957333 0.316228 -0.948683 1 000000000000000000000000 000000000000000000001111 3 0 1 1 0 0 0 1 1 0 0 0 0 0 1 1 0 0 0 0 8 
0 11 1 214 282 -0.428699 -0.903448 -0.707107 0.707107 1 000000000000000000000000 000000000000000000001111 3 0 1 1 0 0 0 1 1 0 0 0 0 0 1 1 0 0 0 0 8 
0 12 1 221.286 212.857 0.508469 0.86108 0.5547 0.83205 1 000000000000000000000000 000000000000000000001111 3 0 1 1 0 0 0 1 1 0 0 0 0 0 1 1 0 0 0 0 8 
0 13 1 221.167 220.833 -0.466325 0.884613 0.447214 -0.894427 1 000000000000000000000000 000000000000000000001111 3 0 1 1 0 0 0 1 1 0 0 0 0 0 1 1 0 0 0 0 8 
0 14 1 222 227 0.878356 -0.478007 0.196116 0.980581 1 000000000000000000000000 000000000000000000001111 3 0 1 1 0 0 0 1 1 0 0 0 0 0 1 1 0 0 0 0 8 
0 15 1 219 234 0.430214 -0.902727 0.6 0.8 1 000000000000000000000000 000000000000000000001111 3 0 1 1 0 0 0 1 1 0 0 0 0 0 1 1 0 0 0 0 8 
0 16 1 218.833 240.833 -0.350143 -0.936696 0.141421 0.989949 1 000000000000000000000000 000000000000000000001111 3 0 1 1 0 0 0 1 1 0 0 0 0 0 1 1 0 0 0 0 8 
0 17 1 220 247.2 0.944869 0.327448 0.909017 -0.416758 1 000000000000000000000000 000000000000000000001111 3 0 1 1 0 0 0 1 1 0 0 0 0 0 1 1 0 0 0 0 8 
0 18 1 219.167 254.167 -0.627792 0.778381 -0.447214 -0.894427 1 000000000000000000000000 000000000000000000001111 3 0 1 1 0 0 0 1 1 0 0 0 0 0 1 1 0 0 0 0 8 
0 19 1 219.6 260.2 -0.462181 -0.886785 -0.992372 0.123277 1 000000000000000000000000 000000000000000000001111 3 0 1 1 0 0 0 1 1 0 0 0 0 0 1 1 0 0 0 0 8 
0 20 1 220.5 270 0.232492 0.972598 -0.5547 0.83205 1 000000000000000000000000 000000000000000000001111 3 0 1 1 0 0 0 1 1 0 0 0 0 0 1 1 0 0 0 0 8 
0 21 1 220.167 275.833 0.865552 -0.500819 -1 0 1 000000000000000000000000 000000000000000000001111 3 0 1 1 0 0 0 1 1 0 0 0 0 0 1 1 0 0 0 0 8 
0 22 1 221.667 284.5 -0.741801 -0.67062 0.316228 0.948683 1 000000000000000000000000 000000000000000000001111 3 0 1 1 0 0 0 1 1 0 0 0 0 0 1 1 0 0 0 0 8 
0 23 1 227.833 213.167 -0.953716 0.300708 -0.371391 0.928477 1 000000000000000000000000 000000000000000000001111 3 0 1 1 0 0 0 1 1 0 0 0 0 0 1 1 0 0 0 0 8 
0 24 1 227.167 219.833 0.835739 -0.549127 -0.8 0.6 1 000000000000000000000000 000000000000000000001111 3 0 1 1 0 0 0 1 1 0 0 0 0 0 1 1 0 0 0 0 8 
0 25 1 226.5 227 0.887627 0.460563 0.724794 -0.688966 1 000000000000000000000000 000000000000000000001111 3 0 1 1 0 0 0 1 1 0 0 0 0 0 1 1 0 0 0 0 8 
0 26 1 225.833 233.167 0.490096 -0.871668 0.707107 -0.707107 1 000000000000000000000000 000000000000000000001111 3 0 1 1 0 0 0 1 1 0 0 0 0 0 1 1 0 0 0 0 8 
0 27 1 226.714 242 0.629027 -0.777383 -0.0272524 0.999629 1 000000000000000000000000 000000000000000000001111 3 0 1 1 0 0 0 1 1 0 0 0 0 0 1 1 0 0 0 0 8 
0 28 1 225 248.5 0.964383 0.26451 -0.989949 -0.141421 1 000000000000000000000000 000000000000000000001111 3 0 1 1 0 0 0 1 1 0 0 0 0 0 1 1 0 0 0 0 8 
0 29 1 228 256.714 0.0835828 -0.996501 0 1 1 000000000000000000000000 000000000000000000001111 3 0 1 1 0 0 0 1 1 0 0 0 0 0 1 1 0 0 0 0 8 
0 30 1 227.4 263.2 0.568557 0.822644 0.980581 -0.196116 1 000000000000000000000000 000000000000000000001111 3 0 1 1 0 0 0 1 1 0 0 0 0 0 1 1 0 0 0 0 8 
0 31 1 227 269 0.852864 0.522134 -0.980581 -0.196116 1 000000000000000000000000 000000000000000000001111 3 0 1 1 0 0 0 1 1 0 0 0 0 0 1 1 0 0 0 0 8 
0 32 1 227.286 275 0.976268 0.216567 0.936329 0.351123 1 000000000000000000000000 000000000000000000001111 3 0 1 1 0 0 0 1 1 0 0 0 0 0 1 1 0 0 0 0 8 
0 33 1 226.8 282.6 0.845404 0.534127 -0.393919 -0.919145 1 000000000000000000000000 000000000000000000001111 3 0 1 1 0 0 0 1 1 0 0 0 0 0 1 1 0 0 0 0 8 
0 34 1 234.714 215.143 0.961973 0.273146 -0.277639 0.960685 1 000000000000000000000000 000000000000000000001111 3 0 1 1 0 0 0 1 1 0 0 0 0 0 1 1 0 0 0 0 8 
0 35 1 232.8 219.6 -0.504604 0.863351 1 0 1 000000000000000000000000 000000000000000000001111 3 0 1 1 0 0 0 1 1 0 0 0 0 0 1 1 0 0 0 0 8 
0 36 1 233.8 227.4 -0.998907 -0.0467365 0.894427 -0.447214 1 000000000000000000000000 000000000000000000001111 3 0 1 1 0 0 0 1 1 0 0 0 0 0 1 1 0 0 0 0 8 
0 37 1 234.5 233.5 0.464038 -0.885815 -0.894427 0.447214 1 000000000000000000000000 000000000000000000001111 3 0 1 1 0 0 0 1 1 0 0 0 0 0 1 1 0 0 0 0 8 
0 38 1 234 240 -0.686847 0.726802 0 -1 1 000000000000000000000000 000000000000000000001111 3 0 1 1 0 0 0 1 1 0 0 0 0 0 1 1 0 0 0 0 8 
0 39 1 234 248 0.610807 -0.791779 0.000980065 1 1 000000000000000000000000 000000000000000000001111 3 0 1 1 0 0 0 1 1 0 0 0 0 0 1 1 0 0 0 0 8 
0 40 1 233.833 254.833 0.761533 -0.648126 0.707107 0.707107 1 000000000000000000000000 000000000000000000001111 3 0 1 1 0 0 0 1 1 0 0 0 0 0 1 1 0 0 0 0 8 
0 41 1 235 261.5 0.822411 0.568894 0 1 1 000000000000000000000000 000000000000000000001111 3 0 1 1 0 0 0 1 1 0 0 0 0 0 1 1 0 0 0 0 8 
0 42 1 232.8 268.4 -0.914025 -0.405658 0.986394 -0.164399 1 000000000000000000000000 000000000000000000001111 3 0 1 1 0 0 0 1 1 0 0 0 0 0 1 1 0 0 0 0 8 
0 43 1 233.5 275 -0.0384646 0.99926 0.33441 -0.942428 1 000000000000000000000000 000000000000000000001111 3 0 1 1 0 0 0 1 1 0 0 0 0 0 1 1 0 0 0 0 8 
0 44 1 233.6 282.2 -0.87728 0.479979 0.447214 0.894427 1 000000000000000000000000 000000000000000000001111 3 0 1 1 0 0 0 1 1 0 0 0 0 0 1 1 0 0 0 0 8 
0 45 1 241 213 0.415667 0.909517 0.276229 0.961092 1 000000000000000000000000 000000000000000000001111 3 0 1 1 0 0 0 1 1 0 0 0 0 0 1 1 0 0 0 0 8 
0 46 1 240.5 219 0.126039 -0.992025 -0.316228 0.948683 1 000000000000000000000000 000000000000000000001111 3 0 1 1 0 0 0 1 1 0 0 0 0 0 1 1 0 0 0 0 8 
0 47 1 241 227.75 -0.436219 0.89984 -0.707107 0.707107 1 000000000000000000000000 000000000000000000001111 3 0 1 1 0 0 0 1 1 0 0 0 0 0 1 1 0 0 0 0 8 
0 48 1 240 233.167 -0.99918 -0.0404799 0 -1 1 000000000000000000000000 000000000000000000001111 3 0 1 1 0 0 0 1 1 0 0 0 0 0 1 1 0 0 0 0 8 
0 49 1 242 240.5 -0.627661 -0.778486 0.573462 -0.819232 1 000000000000000000000000 000000000000000000001111 3 0 1 1 0 0 0 1 1 0 0 0 0 0 1 1 0 0 0 0 8 
0 50 1 241.5 249 -0.824882 -0.565305 0 -1 1 000000000000000000000000 000000000000000000001111 3 0 1 1 0 0 0 1 1 0 0 0 0 0 1 1 0 0 0 0 8 
0 51 1 243.167 257.167 0.76379 0.645465 -1 0 1 000000000000000000000000 000000000000000000001111 3 0 1 1 0 0 0 1 1 0 0 0 0 0 1 1 0 0 0 0 8 
0 52 1 241 263.5 0.660479 0.750844 -0.928477 -0.371391 1 000000000000000000000000 000000000000000000001111 3 0 1 1 0 0 0 1 1 0 0 0 0 0 1 1 0 0 0 0 8 
0 53 1 240 270.5 -0.33909 0.940754 0.980581 0.196116 1 000000000000000000000000 000000000000000000001111 3 0 1 1 0 0 0 1 1 0 0 0 0 0 1 1 0 0 0 0 8 
0 54 1 241.833 275.167 0.00453916 -0.99999 0.196116 0.980581 1 000000000000000000000000 000000000000000000001111 3 0 1 1 0 0 0 1 1 0 0 0 0 0 1 1 0 0 0 0 8 
0 55 1 241.5 284 -0.649448 -0.760406 1 0 1 000000000000000000000000 000000000000000000001111 3 0 1 1 0 0 0 1 1 0 0 0 0 0 1 1 0 0 0 0 8 
0 56 1 248.833 213.833 -0.999449 0.0331811 0.242536 0.970143 1 000000000000000000000000 000000000000000000001111 3 0 1 1 0 0 0 1 1 0 0 0 0 0 1 1 0 0 0 0 8 
0 57 1 246.833 219.167 -0.264156 -0.96448 0.196116 0.980581 1 000000000000000000000000 000000000000000000001111 3 0 1 1 0 0 0 1 1 0 0 0 0 0 1 1 0 0 0 0 8 
0 58 1 249.167 226.333 -0.8898 -0.456351 0.838665 0.544647 1 000000000000000000000000 000000000000000000001111 3 0 1 1 0 0 0 1 1 0 0 0 0 0 1 1 0 0 0 0 8 
0 59 1 248.5 234 -0.991754 -0.12816 -0.707107 0.707107 1 000000000000000000000000 000000000000000000001111 3 0 1 1 0 0 0 1 1 0 0 0 0 0 1 1 0 0 0 0 8 
0 60 1 249.167 241.833 0.706825 -0.707388 -0.894427 0.447214 1 000000000000000000000000 000000000000000000001111 3 0 1 1 0 0 0 1 1 0 0 0 0 0 1 1 0 0 0 0 8 
0 61 1 248.5 248 -0.0750629 0.997179 0.242536 -0.970143 1 000000000000000000000000 000000000000000000001111 3 0 1 1 0 0 0 1 1 0 0 0 0 0 1 1 0 0 0 0 8 
0 62 1 246 254.5 0.214067 0.976819 -0.774694 -0.632336 1 000000000000000000000000 000000000000000000001111 3 0 1 1 0 0 0 1 1 0 0 0 0 0 1 1 0 0 0 0 8 
0 63 1 247.4 262.8 -0.715657 0.698452 0.909798 0.41505 1 000000000000000000000000 000000000000000000001111 3 0 1 1 0 0 0 1 1 0 0 0 0 0 1 1 0 0 0 0 8 
0 64 1 245.4 267.8 0.420676 -0.907211 0.496139 -0.868243 1 000000000000000000000000 000000000000000000001111 3 0 1 1 0 0 0 1 1 0 0 0 0 0 1 1 0 0 0 0 8 
0 65 1 248.167 277 0.989069 0.147456 -0.707107 -0.707107 1 000000000000000000000000 000000000000000000001111 3 0 1 1 0 0 0 1 1 0 0 0 0 0 1 1 0 0 0 0 8 
0 66 1 248.167 283.667 -0.999108 -0.0422252 0.780869 -0.624695 1 000000000000000000000000 000000000000000000001111 3 0 1 1 0 0 0 1 1 0 0 0 0 0 1 1 0 0 0 0 8 
0 68 1 257.429 218.714 0.0168132 -0.999859 0.514496 0.857493 1 000000000000000000000000 000000000000000000001111 3 0 1 1 0 0 0 1 1 0 0 0 0 0 1 1 0 0 0 0 8 
0 69 1 255.5 228.5 -0.849115 -0.528208 -0.707107 0.707107 1 000000000000000000000000 000000000000000000001111 3 0 1 1 0 0 0 1 1 0 0 0 0 0 1 1 0 0 0 0 8 
0 70 1 255.333 235.833 -0.934652 0.355564 -0.707107 -0.707107 1 000000000000000000000000 000000000000000000001111 3 0 1 1 0 0 0 1 1 0 0 0 0 0 1 1 0 0 0 0 8 
0 71 1 255.833 241.667 -0.980571 0.196165 0.124035 -0.992278 1 000000000000000000000000 000000000000000000001111 3 0 1 1 0 0 0 1 1 0 0 0 0 0 1 1 0 0 0 0 8 
0 72 1 254.833 248.833 -0.36228 0.932069 0.371391 -0.928477 1 000000000000000000000000 000000000000000000001111 3 0 1 1 0 0 0 1 1 0 0 0 0 0 1 1 0 0 0 0 8 
0 73 1 256.2 257.4 -0.908014 0.418941 -1 0 1 000000000000000000000000 000000000000000000001111 3 0 1 1 0 0 0 1 1 0 0 0 0 0 1 1 0 0 0 0 8 
0 74 1 254.714 261 -0.40227 0.915521 0.989949 -0.141421 1 000000000000000000000000 000000000000000000001111 3 0 1 1 0 0 0 1 1 0 0 0 0 0 1 1 0 0 0 0 8 
0 75 1 255 270.5 -0.336621 0.94164 0.496139 -0.868243 1 000000000000000000000000 000000000000000000001111 3 0 1 1 0 0 0 1 1 0 0 0 0 0 1 1 0 0 0 0 8 
0 76 1 254 276 -0.888428 0.459016 -0.263117 0.964764 1 000000000000000000000000 000000000000000000001111 3 0 1 1 0 0 0 1 1 0 0 0 0 0 1 1 0 0 0 0 8 
0 77 1 254.111 284.667 -0.81139 -0.584505 0.999953 0.0096474 1 000000000000000000000000 000000000000000000001111 3 0 1 1 0 0 0 1 1 0 0 0 0 0 1 1 0 0 0 0 8 
0 78 1 259.5 212.5 -0.894135 0.447798 -0.447214 0.894427 1 000000000000000000000000 000000000000000000001111 3 0 1 1 0 0 0 1 1 0 0 0 0 0 1 1 0 0 0 0 8 
0 79 1 262.6 221.8 0.854307 -0.519768 0.447214 -0.894427 1 000000000000000000000000 000000000000000000001111 3 0 1 1 0 0 0 1 1 0 0 0 0 0 1 1 0 0 0 0 8 
0 80 1 260.833 228.167 0.173028 -0.984917 -0.707107 0.707107 1 000000000000000000000000 000000000000000000001111 3 0 1 1 0 0 0 1 1 0 0 0 0 0 1 1 0 0 0 0 8 
0 81 1 260.2 233.4 -0.0626825 -0.998034 0.707107 0.707107 1 000000000000000000000000 000000000000000000001111 3 0 1 1 0 0 0 1 1 0 0 0 0 0 1 1 0 0 0 0 8 
0 82 1 260.2 241.6 -0.866562 -0.499069 0.707107 0.707107 1 000000000000000000000000 000000000000000000001111 3 0 1 1 0 0 0 1 1 0 0 0 0 0 1 1 0 0 0 0 8 
0 83 1 263.4 247.2 -0.999998 -0.00215708 0.707107 -0.707107 1 000000000000000000000000 000000000000000000001111 3 0 1 1 0 0 0 1 1 0 0 0 0 0 1 1 0 0 0 0 8 
0 84 1 262.167 256 0.358706 0.933451 0.447214 -0.894427 1 000000000000000000000000 000000000000000000001111 3 0 1 1 0 0 0 1 1 0 0 0 0 0 1 1 0 0 0 0 8 
0 85 1 262.714 263 0.369892 -0.929075 0.707107 -0.707107 1 000000000000000000000000 000000000000000000001111 3 0 1 1 0 0 0 1 1 0 0 0 0 0 1 1 0 0 0 0 8 
0 86 1 261 267.286 0.0293088 0.99957 0.370063 -0.929007 1 000000000000000000000000 000000000000000000001111 3 0 1 1 0 0 0 1 1 0 0 0 0 0 1 1 0 0 0 0 8 
0 87 1 262.167 275.833 0.246372 0.969175 -0.50702 0.861934 1 000000000000000000000000 000000000000000000001111 3 0 1 1 0 0 0 1 1 0 0 0 0 0 1 1 0 0 0 0 8 
0 88 1 263.333 283.167 -0.275901 0.961186 0.970143 -0.242536 1 000000000000000000000000 000000000000000000001111 3 0 1 1 0 0 0 1 1 0 0 0 0 0 1 1 0 0 0 0 8 
0 89 1 271 209.714 -0.793888 0.608064 0.894427 -0.447214 1 000000000000000000000000 000000000000000000001111 3 0 1 1 0 0 0 1 1 0 0 0 0 0 1 1 0 0 0 0 8 
0 90 1 269.5 219.333 0.658129 0.752905 0.894427 0.447214 1 000000000000000000000000 000000000000000000001111 3 0 1 1 0 0 0 1 1 0 0 0 0 0 1 1 0 0 0 0 8 
0 91 1 267 224.286 -0.299279 -0.954166 -0.999366 0.035606 1 000000000000000000000000 000000000000000000001111 3 0 1 1 0 0 0 1 1 0 0 0 0 0 1 1 0 0 0 0 8 
0 92 1 267.833 233.167 -0.96176 0.273895 0.447214 0.894427 1 000000000000000000000000 000000000000000000001111 3 0 1 1 0 0 0 1 1 0 0 0 0 0 1 1 0 0 0 0 8 
0 93 1 266.4 239.8 -0.628656 0.777684 0.316228 -0.948683 1 000000000000000000000000 000000000000000000001111 3 0 1 1 0 0 0 1 1 0 0 0 0 0 1 1 0 0 0 0 8 
0 94 1 268.2 247.4 0.507057 0.861912 1 0 1 000000000000000000000000 000000000000000000001111 3 0 1 1 0 0 0 1 1 0 0 0 0 0 1 1 0 0 0 0 8 
0 95 1 268 257.5 0.395143 0.91862 -0.958536 0.28497 1 000000000000000000000000 000000000000000000001111 3 0 1 1 0 0 0 1 1 0 0 0 0 0 1 1 0 0 0 0 8 
0 96 1 270 262.286 -0.897086 0.441855 0 -1 1 000000000000000000000000 000000000000000000001111 3 0 1 1 0 0 0 1 1 0 0 0 0 0 1 1 0 0 0 0 8 
0 97 1 269.286 268 0.475477 -0.879728 0 1 1 000000000000000000000000 000000000000000000001111 3 0 1 1 0 0 0 1 1 0 0 0 0 0 1 1 0 0 0 0 8 
0 98 1 268.4 275.2 0.812858 0.582461 0.894427 0.447214 1 000000000000000000000000 000000000000000000001111 3 0 1 1 0 0 0 1 1 0 0 0 0 0 1 1 0 0 0 0 8 
0 99 1 268.5 284 0.702133 -0.712046 -0.769908 0.638155 1 000000000000000000000000 000000000000000000001111 3 0 1 1 0 0 0 1 1 0 0 0 0 0 1 1 0 0 0 0 8 
0 100 1 274.833 212.833 0.999955 0.00943837 0.707107 0.707107 1 000000000000000000000000 000000000000000000001111 3 0 1 1 0 0 0 1 1 0 0 0 0 0 1 1 0 0 0 0 8 
