0 8 1 214.75 262.25 0.596789 0.802398 -0.242536 0.970143 1 000000000000000000000000 000000000000111111111111 3 0 1 1 0 0 0 1 1 0 0 0 0 0 1 1 0 0 0 0 8 
0 15 1 218.4 233.4 0.289792 0.95709 0.707107 -0.707107 1 000000000000000000000000 000000000000111111111111 3 0 1 1 0 0 0 1 1 0 0 0 0 0 1 1 0 0 0 0 8 
0 23 1 229.111 213.222 0.114579 -0.993414 0.124035 -0.992278 1 000000000000000000000000 000000000000111111111111 3 0 1 1 0 0 0 1 1 0 0 0 0 0 1 1 0 0 0 0 8 
0 33 1 228 285 -0.180095 0.983649 0.110432 0.993884 1 000000000000000000000000 000000000000111111111111 3 0 1 1 0 0 0 1 1 0 0 0 0 0 1 1 0 0 0 0 8 
0 38 1 232.333 239.333 0.901387 -0.433015 -0.384615 -0.923077 1 000000000000000000000000 000000000000111111111111 3 0 1 1 0 0 0 1 1 0 0 0 0 0 1 1 0 0 0 0 8 
0 39 1 234.667 246.667 -0.992437 0.122757 -0.478852 0.877896 1 000000000000000000000000 000000000000111111111111 3 0 1 1 0 0 0 1 1 0 0 0 0 0 1 1 0 0 0 0 8 
0 43 1 234.2 273.4 -0.835363 0.549699 0.447214 0.894427 1 000000000000000000000000 000000000000111111111111 3 0 1 1 0 0 0 1 1 0 0 0 0 0 1 1 0 0 0 0 8 
0 44 1 234.833 281.5 0.529006 -0.848618 0.792934 0.609307 1 000000000000000000000000 000000000000111111111111 3 0 1 1 0 0 0 1 1 0 0 0 0 0 1 1 0 0 0 0 8 
0 45 1 242.5 212.75 0.803862 -0.594816 0.379919 0.92502 1 000000000000000000000000 000000000000111111111111 3 0 1 1 0 0 0 1 1 0 0 0 0 0 1 1 0 0 0 0 8 
0 47 1 243.667 228 0.0828712 -0.99656 -0.910366 0.413803 1 000000000000000000000000 000000000000111111111111 3 0 1 1 0 0 0 1 1 0 0 0 0 0 1 1 0 0 0 0 8 
0 51 1 244.667 253.167 -0.254563 -0.967056 1 0 1 000000000000000000000000 000000000000111111111111 3 0 1 1 0 0 0 1 1 0 0 0 0 0 1 1 0 0 0 0 8 
0 59 1 250 231.4 -0.837122 -0.547017 0.242536 -0.970143 1 000000000000000000000000 000000000000111111111111 3 0 1 1 0 0 0 1 1 0 0 0 0 0 1 1 0 0 0 0 8 
0 60 1 248 239.75 0.48068 0.876896 -0.894427 0.447214 1 000000000000000000000000 000000000000111111111111 3 0 1 1 0 0 0 1 1 0 0 0 0 0 1 1 0 0 0 0 8 
0 70 1 255 232.429 0.888737 0.458418 0.274721 -0.961524 1 000000000000000000000000 000000000000111111111111 3 0 1 1 0 0 0 1 1 0 0 0 0 0 1 1 0 0 0 0 8 
0 72 1 255.333 247.667 0.80089 -0.598812 0.868243 -0.496139 1 000000000000000000000000 000000000000111111111111 3 0 1 1 0 0 0 1 1 0 0 0 0 0 1 1 0 0 0 0 8 
0 75 1 257.5 270.5 0.20982 0.97774 -0.689422 -0.72436 1 000000000000000000000000 000000000000111111111111 3 0 1 1 0 0 0 1 1 0 0 0 0 0 1 1 0 0 0 0 8 
0 80 1 260.333 225.667 -0.445465 -0.895299 0.242536 0.970143 1 000000000000000000000000 000000000000111111111111 3 0 1 1 0 0 0 1 1 0 0 0 0 0 1 1 0 0 0 0 8 
0 82 1 263.25 239.625 -0.919261 -0.393649 -0.884918 -0.465746 1 000000000000000000000000 000000000000111111111111 3 0 1 1 0 0 0 1 1 0 0 0 0 0 1 1 0 0 0 0 8 
0 84 1 259.833 253.833 0.13951 0.990221 -0.196116 0.980581 1 000000000000000000000000 000000000000111111111111 3 0 1 1 0 0 0 1 1 0 0 0 0 0 1 1 0 0 0 0 8 
0 91 1 271 228.8 -0.616229 -0.787567 0.323144 -0.94635 1 000000000000000000000000 000000000000111111111111 3 0 1 1 0 0 0 1 1 0 0 0 0 0 1 1 0 0 0 0 8 
0 94 1 268.8 246.2 0.953183 -0.302394 0.316228 0.948683 1 000000000000000000000000 000000000000111111111111 3 0 1 1 0 0 0 1 1 0 0 0 0 0 1 1 0 0 0 0 8 
