0 1 1 213.163 213.204 0.104566 -0.994518 0.47874 0.877957 1 100110101011000110001110 001111000100011101110001 3 0 1 1 0 0 0 1 1 0 0 0 0 0 1 1 0 0 0 0 14 1 16 1 16 1 16 
0 2 1 211.878 220.102 0.408161 0.91291 -0.978485 0.206316 1 100110101011000110001110 001111000100011101110001 3 0 1 1 0 0 0 1 1 0 0 0 0 0 1 1 0 0 0 0 14 1 16 1 16 1 16 
0 3 1 212.02 225.8 0.998796 0.0490499 -0.443568 0.896241 1 100110101011000110001110 001111000100011101110001 3 0 1 1 0 0 0 1 1 0 0 0 0 0 1 1 0 0 0 0 14 1 16 1 16 1 16 1 16 
0 4 1 212.83 233.17 -0.996449 -0.0842035 0.700341 -0.713809 1 100110101011000110001110 001111000100011101110001 3 0 1 1 0 0 0 1 1 0 0 0 0 0 1 1 0 0 0 0 14 1 16 1 16 1 16 1 16 1 16 
0 5 1 212.306 240.898 0.628857 -0.777521 0.798477 0.602026 1 100110101011000110001110 001111000100011101110001 3 0 1 1 0 0 0 1 1 0 0 0 0 0 1 1 0 0 0 0 14 1 16 1 16 1 16 1 16 
0 6 1 212.98 247.902 0.875183 0.483792 -0.561064 -0.827773 1 100110101011000110001110 001111000100011101110001 3 0 1 1 0 0 0 1 1 0 0 0 0 0 1 1 0 0 0 0 14 1 16 1 16 1 16 1 16 1 16 
0 7 1 212.451 254.863 0.600412 -0.799691 -0.650053 -0.759889 1 100110101011000110001110 001111000100011101110001 3 0 1 1 0 0 0 1 1 0 0 0 0 0 1 1 0 0 0 0 14 1 16 1 16 1 16 1 16 1 16 
0 8 1 212.4 261.94 -0.689072 -0.724692 0.890328 0.455319 1 100110101011000110001110 001111000100011101110001 3 0 1 1 0 0 0 1 1 0 0 0 0 0 1 1 0 0 0 0 14 1 16 1 16 1 16 1 16 
0 9 1 211.755 269.102 0.97827 -0.207334 -0.929941 0.367708 1 100110101011000110001110 001111000100011101110001 3 0 1 1 0 0 0 1 1 0 0 0 0 0 1 1 0 0 0 0 14 1 16 1 16 1 16 
0 10 1 213.327 276.327 0.0497581 0.998761 -0.980481 -0.196615 1 100110101011000110001110 001111000100011101110001 3 0 1 1 0 0 0 1 1 0 0 0 0 0 1 1 0 0 0 0 14 1 16 1 16 1 16 1 16 1 16 
0 11 1 213.551 283.98 0.47466 0.880169 0.0126773 -0.99992 1 100110101011000110001110 001111000100011101110001 3 0 1 1 0 0 0 1 1 0 0 0 0 0 1 1 0 0 0 0 14 1 16 1 16 
0 12 1 220.102 212.408 0.949237 -0.314562 0.21509 -0.976594 1 100110101011000110001110 001111000100011101110001 3 0 1 1 0 0 0 1 1 0 0 0 0 0 1 1 0 0 0 0 14 1 16 1 16 1 16 
0 13 1 219.275 219.569 0.531431 -0.847101 0.454964 0.89051 1 100110101011000110001110 001111000100011101110001 3 0 1 1 0 0 0 1 1 0 0 0 0 0 1 1 0 0 0 1 16 1 16 1 16 1 16 1 16 1 16 1 16 
0 14 1 219.592 227.265 -0.355797 0.934563 0.393488 0.91933 1 100110101011000110001110 001111000100011101110001 3 0 1 1 0 0 0 1 1 0 0 0 0 0 1 1 0 0 0 1 16 1 16 1 16 1 16 1 16 1 16 1 16 
0 15 1 219.442 234.288 0.676995 -0.735988 0.487502 0.873122 1 100110101011000110001110 001111000100011101110001 3 0 1 1 0 0 0 1 1 0 0 0 0 0 1 1 0 0 0 1 16 1 16 1 16 1 16 1 16 1 16 
0 16 1 219.326 241.174 -0.179834 -0.983697 0.74495 0.66712 1 100110101011000110001110 001111000100011101110001 3 0 1 1 0 0 0 1 1 0 0 0 0 0 1 1 0 0 0 1 16 1 16 1 16 1 16 1 16 1 16 1 16 
0 17 1 219.327 248.673 0.683433 0.730013 -0.645352 0.763886 1 100110101011000110001110 001111000100011101110001 3 0 1 1 0 0 0 1 1 0 0 0 0 0 1 1 0 0 0 1 16 1 16 1 16 1 16 1 16 
0 18 1 220.612 254.49 0.99633 -0.08559 -0.824042 0.566529 1 100110101011000110001110 001111000100011101110001 3 0 1 1 0 0 0 1 1 0 0 0 0 0 1 1 0 0 0 1 16 1 16 1 16 1 16 1 16 1 16 
0 19 1 219.627 261.588 0.447609 -0.894229 -0.968625 -0.248529 1 100110101011000110001110 001111000100011101110001 3 0 1 1 0 0 0 1 1 0 0 0 0 0 1 1 0 0 0 1 16 1 16 1 16 1 16 1 16 1 16 1 16 
0 20 1 218.333 268.479 0.110374 0.99389 0.244628 0.969617 1 100110101011000110001110 001111000100011101110001 3 0 1 1 0 0 0 1 1 0 0 0 0 0 1 1 0 0 0 1 16 1 16 1 16 1 16 1 16 1 16 
0 21 1 220.064 275.064 0.674272 0.738483 0.507962 -0.861379 1 100110101011000110001110 001111000100011101110001 3 0 1 1 0 0 0 1 1 0 0 0 0 0 1 1 0 0 0 1 16 1 16 1 16 1 16 1 16 
0 22 1 220.06 282.3 0.903156 0.429313 -0.619259 0.785187 1 100110101011000110001110 001111000100011101110001 3 0 1 1 0 0 0 1 1 0 0 0 0 0 1 1 0 0 0 0 14 1 16 1 16 1 16 1 16 1 16 
0 23 1 227.44 214.2 -0.522203 0.852821 0.462566 0.886585 1 100110101011000110001110 001111000100011101110001 3 0 1 1 0 0 0 1 1 0 0 0 0 0 1 1 0 0 0 0 14 1 16 1 16 1 16 1 16 1 16 
0 24 1 225.792 220.938 -0.974052 -0.226325 -0.606449 0.795122 1 100110101011000110001110 001111000100011101110001 3 0 1 1 0 0 0 1 1 0 0 0 0 0 1 1 0 0 0 1 16 1 16 1 16 1 16 1 16 
0 25 1 227.612 226.837 -0.369101 0.929389 -0.841694 -0.539955 1 100110101011000110001110 001111000100011101110001 3 0 1 1 0 0 0 1 1 0 0 0 0 0 1 1 0 0 0 1 16 1 16 1 16 1 16 1 16 1 16 
0 26 1 226.392 233.373 -0.960065 -0.279778 0.338719 0.940887 1 100110101011000110001110 001111000100011101110001 3 0 1 1 0 0 0 1 1 0 0 0 0 0 1 1 0 0 0 1 16 1 16 1 16 1 16 1 16 
0 27 1 226.82 240.24 0.884953 0.46568 -0.513316 -0.8582 1 100110101011000110001110 001111000100011101110001 3 0 1 1 0 0 0 1 1 0 0 0 0 0 1 1 0 0 0 1 16 1 16 1 16 1 16 1 16 1 16 
0 28 1 226.42 247.06 0.46919 -0.883097 -0.64131 -0.767282 1 100110101011000110001110 001111000100011101110001 3 0 1 1 0 0 0 1 1 0 0 0 0 0 1 1 0 0 0 1 16 1 16 1 16 1 16 1 16 1 16 1 16 
0 29 1 226.962 254.808 -0.88245 0.470407 0.643483 0.76546 1 100110101011000110001110 001111000100011101110001 3 0 1 1 0 0 0 1 1 0 0 0 0 0 1 1 0 0 0 1 16 1 16 1 16 1 16 1 16 1 16 
0 30 1 226.75 261.896 0.678453 -0.734644 -0.305238 0.952276 1 100110101011000110001110 001111000100011101110001 3 0 1 1 0 0 0 1 1 0 0 0 0 0 1 1 0 0 0 0 14 1 16 1 16 1 16 1 16 1 16 
0 31 1 226.1 268.88 0.386758 -0.922181 -0.541982 0.84039 1 100110101011000110001110 001111000100011101110001 3 0 1 1 0 0 0 1 1 0 0 0 0 0 1 1 0 0 0 0 14 1 16 1 16 1 16 1 16 1 16 1 16 
0 32 1 226.837 275.98 -0.0526921 0.998611 -0.612287 -0.790635 1 100110101011000110001110 001111000100011101110001 3 0 1 1 0 0 0 1 1 0 0 0 0 0 1 1 0 0 0 1 16 1 16 1 16 1 16 1 16 1 16 1 16 
0 33 1 226.7 283.18 0.970616 0.240634 -0.98999 0.141139 1 100110101011000110001110 001111000100011101110001 3 0 1 1 0 0 0 1 1 0 0 0 0 0 1 1 0 0 0 0 14 1 16 1 16 1 16 1 16 
0 34 1 234.02 212.694 -0.504882 0.863188 -0.202014 0.979383 1 100110101011000110001110 001111000100011101110001 3 0 1 1 0 0 0 1 1 0 0 0 0 0 1 1 0 0 0 0 14 1 16 1 16 1 16 1 16 
0 35 1 233.935 220.152 0.998783 0.0493156 0.049121 -0.998793 1 100110101011000110001110 001111000100011101110001 3 0 1 1 0 0 0 1 1 0 0 0 0 0 1 1 0 0 0 0 14 1 16 1 16 1 16 1 16 1 16 1 16 1 16 1 16 
0 36 1 234.122 226.878 -0.34734 -0.937739 -0.731747 0.681576 1 100110101011000110001110 001111000100011101110001 3 0 1 1 0 0 0 1 1 0 0 0 0 0 1 1 0 0 0 1 16 1 16 1 16 1 16 1 16 
0 37 1 233.9 234.46 0.99975 -0.0223494 0.242536 0.970143 1 100110101011000110001110 001111000100011101110001 3 0 1 1 0 0 0 1 1 0 0 0 0 0 1 1 0 0 0 1 16 1 16 1 16 1 16 1 16 1 16 1 16 
0 38 1 233.694 240.714 -0.147714 0.98903 0.498964 0.866622 1 100110101011000110001110 001111000100011101110001 3 0 1 1 0 0 0 1 1 0 0 0 0 0 1 1 0 0 0 1 16 1 16 1 16 1 16 1 16 1 16 
0 39 1 233.633 248 0.558303 -0.829637 0.38068 -0.924707 1 100110101011000110001110 001111000100011101110001 3 0 1 1 0 0 0 1 1 0 0 0 0 0 1 1 0 0 0 1 16 1 16 1 16 1 16 1 16 1 16 
0 40 1 233.787 254.915 0.757264 0.653109 -0.877505 0.479567 1 100110101011000110001110 001111000100011101110001 3 0 1 1 0 0 0 1 1 0 0 0 0 0 1 1 0 0 0 1 16 1 16 1 16 1 16 1 16 1 16 
0 41 1 234.18 261.56 -0.952179 0.30554 -0.994829 -0.101566 1 100110101011000110001110 001111000100011101110001 3 0 1 1 0 0 0 1 1 0 0 0 0 0 1 1 0 0 0 0 14 1 16 1 16 1 16 1 16 1 16 
0 42 1 233.039 269.588 0.762827 -0.646603 -0.594759 -0.803904 1 100110101011000110001110 001111000100011101110001 3 0 1 1 0 0 0 1 1 0 0 0 0 0 1 1 0 0 0 0 14 1 16 1 16 1 16 1 16 1 16 1 16 
0 43 1 234.78 275.98 -0.495707 0.86849 0.54825 -0.836314 1 100110101011000110001110 001111000100011101110001 3 0 1 1 0 0 0 1 1 0 0 0 0 0 1 1 0 0 0 1 16 1 16 1 16 1 16 1 16 1 16 1 16 
0 44 1 233.02 283.245 0.810512 0.585722 -0.156209 0.987724 1 100110101011000110001110 001111000100011101110001 3 0 1 1 0 0 0 1 1 0 0 0 0 0 1 1 0 0 0 0 14 1 16 1 16 1 16 1 16 
0 45 1 240.686 212.314 -0.164537 -0.986371 -0.977504 0.210917 1 100110101011000110001110 001111000100011101110001 3 0 1 1 0 0 0 1 1 0 0 0 0 0 1 1 0 0 0 0 14 1 16 1 16 1 16 1 16 1 16 
0 46 1 240.64 219.32 0.915796 0.401645 -0.199724 0.979852 1 100110101011000110001110 001111000100011101110001 3 0 1 1 0 0 0 1 1 0 0 0 0 0 1 1 0 0 0 0 14 1 16 1 16 1 16 1 16 1 16 
0 47 1 241.312 225.688 0.966493 -0.256695 0.250962 -0.967997 1 100110101011000110001110 001111000100011101110001 3 0 1 1 0 0 0 1 1 0 0 0 0 0 1 1 0 0 0 1 16 1 16 1 16 1 16 1 16 1 16 
0 48 1 240.64 233.08 -0.102643 -0.994718 0.819784 0.572672 1 100110101011000110001110 001111000100011101110001 3 0 1 1 0 0 0 1 1 0 0 0 0 0 1 1 0 0 0 1 16 1 16 1 16 1 16 1 16 1 16 1 16 1 16 
0 49 1 240.208 241.396 -0.423897 -0.90571 -0.541724 0.840556 1 100110101011000110001110 001111000100011101110001 3 0 1 1 0 0 0 1 1 0 0 0 0 0 1 1 0 0 0 1 16 1 16 1 16 1 16 1 16 1 16 
0 50 1 241.078 248.529 -0.520249 0.854014 -0.976032 0.217629 1 100110101011000110001110 001111000100011101110001 3 0 1 1 0 0 0 1 1 0 0 0 0 0 1 1 0 0 0 1 16 1 16 1 16 1 16 1 16 1 16 1 16 
0 51 1 240.9 255.88 -0.137219 0.990541 0.960706 -0.277569 1 100110101011000110001110 001111000100011101110001 3 0 1 1 0 0 0 1 1 0 0 0 0 0 1 1 0 0 0 1 16 1 16 1 16 1 16 1 16 1 16 
0 52 1 240.412 262.882 0.857391 -0.514666 -0.352226 0.935915 1 100110101011000110001110 001111000100011101110001 3 0 1 1 0 0 0 1 1 0 0 0 0 0 1 1 0 0 0 1 16 1 16 1 16 1 16 1 16 1 16 
0 53 1 240.265 269.163 -0.0758633 -0.997118 0.99399 0.10947 1 100110101011000110001110 001111000100011101110001 3 0 1 1 0 0 0 1 1 0 0 0 0 0 1 1 0 0 0 1 16 1 16 1 16 1 16 1 16 1 16 
0 54 1 242.083 276.958 -0.967381 0.253327 0.415018 0.909813 1 100110101011000110001110 001111000100011101110001 3 0 1 1 0 0 0 1 1 0 0 0 0 0 1 1 0 0 0 1 16 1 16 1 16 1 16 1 16 
0 55 1 240.5 282.68 -0.720439 -0.693519 -0.967275 0.25373 1 100110101011000110001110 001111000100011101110001 3 0 1 1 0 0 0 1 1 0 0 0 0 0 1 1 0 0 0 0 14 1 16 1 16 1 16 1 16 
0 56 1 248.083 213.5 0.936374 -0.351005 -0.122598 0.992456 1 100110101011000110001110 001111000100011101110001 3 0 1 1 0 0 0 1 1 0 0 0 0 0 1 1 0 0 0 0 14 1 16 1 16 1 16 
0 57 1 248.28 220.52 -0.997745 0.0671198 -0.870299 -0.492524 1 100110101011000110001110 001111000100011101110001 3 0 1 1 0 0 0 1 1 0 0 0 0 0 1 1 0 0 0 1 16 1 16 1 16 1 16 1 16 1 16 1 16 1 16 
0 58 1 247.62 227.8 0.93287 -0.360214 -0.174691 -0.984623 1 100110101011000110001110 001111000100011101110001 3 0 1 1 0 0 0 1 1 0 0 0 0 0 1 1 0 0 0 0 14 1 16 1 16 1 16 1 16 1 16 
0 59 1 247.64 234.7 0.994729 0.102542 0.25084 0.968029 1 100110101011000110001110 001111000100011101110001 3 0 1 1 0 0 0 1 1 0 0 0 0 0 1 1 0 0 0 0 14 1 16 1 16 1 16 1 16 1 16 
0 60 1 246.74 241.68 -0.423591 0.905853 0.377414 -0.926045 1 100110101011000110001110 001111000100011101110001 3 0 1 1 0 0 0 1 1 0 0 0 0 0 1 1 0 0 0 1 16 1 16 1 16 1 16 1 16 1 16 1 16 
0 61 1 248.673 248.837 0.648347 0.761345 -0.99812 0.0612881 1 100110101011000110001110 001111000100011101110001 3 0 1 1 0 0 0 1 1 0 0 0 0 0 1 1 0 0 0 1 16 1 16 1 16 1 16 1 16 
0 62 1 247.755 255.061 -0.993765 0.111497 -0.939138 -0.343541 1 100110101011000110001110 001111000100011101110001 3 0 1 1 0 0 0 1 1 0 0 0 0 0 1 1 0 0 0 1 16 1 16 1 16 1 16 1 16 1 16 
0 63 1 248.17 261.915 0.248978 -0.968509 0.77193 -0.635707 1 100110101011000110001110 001111000100011101110001 3 0 1 1 0 0 0 1 1 0 0 0 0 0 1 1 0 0 0 1 16 1 16 1 16 1 16 1 16 1 16 
0 64 1 247.327 268.327 -0.083902 0.996474 -0.0135123 0.999909 1 100110101011000110001110 001111000100011101110001 3 0 1 1 0 0 0 1 1 0 0 0 0 0 1 1 0 0 0 1 16 1 16 1 16 1 16 1 16 
0 65 1 248.327 276.077 -0.34361 0.939113 -0.737154 -0.675725 1 100110101011000110001110 001111000100011101110001 3 0 1 1 0 0 0 1 1 0 0 0 0 0 1 1 0 0 0 1 16 1 16 1 16 1 16 1 16 1 16 1 16 
0 66 1 248.041 283.449 0.381578 -0.924337 0.618464 -0.785813 1 100110101011000110001110 001111000100011101110001 3 0 1 1 0 0 0 1 1 0 0 0 0 0 1 1 0 0 0 0 14 1 16 1 16 1 16 1 16 
0 67 1 254.44 212.6 -0.0511598 -0.99869 -0.992124 0.125258 1 100110101011000110001110 001111000100011101110001 3 0 1 1 0 0 0 1 1 0 0 0 0 0 1 1 0 0 0 0 14 1 16 1 16 1 16 1 16 
0 68 1 255.333 219.188 0.0246417 0.999696 -0.064824 0.997897 1 100110101011000110001110 001111000100011101110001 3 0 1 1 0 0 0 1 1 0 0 0 0 0 1 1 0 0 0 1 16 1 16 1 16 1 16 1 16 
0 69 1 255.51 226.588 0.947596 0.319471 0.881943 0.471355 1 100110101011000110001110 001111000100011101110001 3 0 1 1 0 0 0 1 1 0 0 0 0 0 1 1 0 0 0 0 14 1 16 1 16 1 16 1 16 1 16 1 16 
0 70 1 254.458 233.75 -0.535267 0.844683 0.65294 -0.75741 1 100110101011000110001110 001111000100011101110001 3 0 1 1 0 0 0 1 1 0 0 0 0 0 1 1 0 0 0 0 14 1 16 1 16 1 16 1 16 1 16 1 16 
0 71 1 254.98 241.7 -0.954539 0.298085 0.669228 0.743057 1 100110101011000110001110 001111000100011101110001 3 0 1 1 0 0 0 1 1 0 0 0 0 0 1 1 0 0 0 1 16 1 16 1 16 1 16 1 16 1 16 
0 72 1 254.34 247.596 -0.912452 -0.409183 0.232296 0.972645 1 100110101011000110001110 001111000100011101110001 3 0 1 1 0 0 0 1 1 0 0 0 0 0 1 1 0 0 0 1 16 1 16 1 16 1 16 1 16 1 16 
0 73 1 255.362 254.34 -0.0320971 0.999485 0.550313 -0.834958 1 100110101011000110001110 001111000100011101110001 3 0 1 1 0 0 0 1 1 0 0 0 0 0 1 1 0 0 0 1 16 1 16 1 16 1 16 1 16 
0 74 1 255.163 261.959 -0.347124 0.937819 -0.972668 0.232202 1 100110101011000110001110 001111000100011101110001 3 0 1 1 0 0 0 1 1 0 0 0 0 0 1 1 0 0 0 1 16 1 16 1 16 1 16 1 16 1 16 1 16 
0 75 1 254.294 269 0.998592 -0.0530471 -0.767171 0.641443 1 100110101011000110001110 001111000100011101110001 3 0 1 1 0 0 0 1 1 0 0 0 0 0 1 1 0 0 0 1 16 1 16 1 16 1 16 1 16 1 16 
0 76 1 255.1 275.58 0.979351 -0.202167 -0.153646 -0.988126 1 100110101011000110001110 001111000100011101110001 3 0 1 1 0 0 0 1 1 0 0 0 0 0 1 1 0 0 0 1 16 1 16 1 16 1 16 1 16 1 16 
0 77 1 255.082 283.327 0.982244 0.187609 0.982273 0.187457 1 100110101011000110001110 001111000100011101110001 3 0 1 1 0 0 0 1 1 0 0 0 0 0 1 1 0 0 0 0 14 1 16 1 16 1 16 1 16 1 16 
0 78 1 262.314 212.118 0.304821 0.95241 0.206705 -0.978403 1 100110101011000110001110 001111000100011101110001 3 0 1 1 0 0 0 1 1 0 0 0 0 0 1 1 0 0 0 0 14 1 16 1 16 1 16 1 16 
0 79 1 261.776 220.327 -0.442245 -0.896895 0.097066 0.995278 1 100110101011000110001110 001111000100011101110001 3 0 1 1 0 0 0 1 1 0 0 0 0 0 1 1 0 0 0 1 16 1 16 1 16 1 16 1 16 1 16 
0 80 1 262.56 226.62 -0.940013 -0.341137 -0.449626 0.893217 1 100110101011000110001110 001111000100011101110001 3 0 1 1 0 0 0 1 1 0 0 0 0 0 1 1 0 0 0 1 16 1 16 1 16 1 16 1 16 1 16 1 16 
0 81 1 262.347 234.184 0.0933611 0.995632 0.999998 -0.00188679 1 100110101011000110001110 001111000100011101110001 3 0 1 1 0 0 0 1 1 0 0 0 0 0 1 1 0 0 0 1 16 1 16 1 16 1 16 1 16 
0 82 1 260.42 240.18 -0.769336 -0.638844 0.998323 0.0578924 1 100110101011000110001110 001111000100011101110001 3 0 1 1 0 0 0 1 1 0 0 0 0 0 1 1 0 0 0 1 16 1 16 1 16 1 16 1 16 
0 83 1 262.673 247.653 -0.536229 -0.844072 -0.659261 0.751914 1 100110101011000110001110 001111000100011101110001 3 0 1 1 0 0 0 1 1 0 0 0 0 0 1 1 0 0 0 1 16 1 16 1 16 1 16 1 16 1 16 1 16 
0 84 1 261.28 254.92 -0.0611246 0.99813 0.862048 -0.506827 1 100110101011000110001110 001111000100011101110001 3 0 1 1 0 0 0 1 1 0 0 0 0 0 1 1 0 0 0 1 16 1 16 1 16 1 16 1 16 1 16 
0 85 1 262.383 261.128 0.688068 -0.725646 -0.821588 0.570082 1 100110101011000110001110 001111000100011101110001 3 0 1 1 0 0 0 1 1 0 0 0 0 0 1 1 0 0 0 1 16 1 16 1 16 1 16 1 16 
0 86 1 261.64 268.98 -0.836458 -0.548032 0.536636 -0.843814 1 100110101011000110001110 001111000100011101110001 3 0 1 1 0 0 0 1 1 0 0 0 0 0 1 1 0 0 0 1 16 1 16 1 16 1 16 1 16 1 16 1 16 1 16 
0 87 1 261.735 276.592 0.972037 0.234827 -0.679476 -0.733698 1 100110101011000110001110 001111000100011101110001 3 0 1 1 0 0 0 1 1 0 0 0 0 0 1 1 0 0 0 1 16 1 16 1 16 1 16 1 16 1 16 
0 88 1 261.7 283.94 0.887616 0.460585 0.354174 0.935179 1 100110101011000110001110 001111000100011101110001 3 0 1 1 0 0 0 1 1 0 0 0 0 0 1 1 0 0 0 0 14 1 16 1 16 1 16 1 16 
0 89 1 268.74 212.82 0.634688 -0.772769 -0.999455 0.0330216 1 100110101011000110001110 001111000100011101110001 3 0 1 1 0 0 0 1 1 0 0 0 0 0 1 1 0 0 0 0 14 1 16 1 16 1 16 1 16 
0 90 1 269.286 219.327 -0.317952 -0.948107 0.990923 -0.134433 1 100110101011000110001110 001111000100011101110001 3 0 1 1 0 0 0 1 1 0 0 0 0 0 1 1 0 0 0 0 14 1 16 1 16 1 16 1 16 1 16 
0 91 1 269.82 226.66 0.4547 0.890644 -0.217979 0.975953 1 100110101011000110001110 001111000100011101110001 3 0 1 1 0 0 0 1 1 0 0 0 0 0 1 1 0 0 0 0 14 1 16 1 16 1 16 
0 92 1 268.5 233.083 0.262826 -0.964843 0.791904 0.610646 1 100110101011000110001110 001111000100011101110001 3 0 1 1 0 0 0 1 1 0 0 0 0 0 1 1 0 0 0 0 14 1 16 1 16 1 16 1 16 
0 93 1 267.46 241.02 0.350198 0.936676 -0.355085 0.934834 1 100110101011000110001110 001111000100011101110001 3 0 1 1 0 0 0 1 1 0 0 0 0 0 1 1 0 0 0 0 14 1 16 1 16 1 16 1 16 1 16 
0 94 1 269.939 247.857 0.68122 -0.732079 0.378796 0.92548 1 100110101011000110001110 001111000100011101110001 3 0 1 1 0 0 0 1 1 0 0 0 0 0 1 1 0 0 0 0 14 1 16 1 16 1 16 
0 95 1 269.333 254.667 0.14181 0.989894 -0.385513 0.922703 1 100110101011000110001110 001111000100011101110001 3 0 1 1 0 0 0 1 1 0 0 0 0 0 1 1 0 0 0 0 14 1 16 1 16 1 16 1 16 1 16 
0 96 1 267.816 262.592 0.602606 -0.798039 0.64967 -0.760216 1 100110101011000110001110 001111000100011101110001 3 0 1 1 0 0 0 1 1 0 0 0 0 0 1 1 0 0 0 0 14 1 16 1 16 1 16 1 16 
0 97 1 269.157 269.647 0.346498 0.938051 -0.123009 0.992406 1 100110101011000110001110 001111000100011101110001 3 0 1 1 0 0 0 1 1 0 0 0 0 0 1 1 0 0 0 0 14 1 16 1 16 1 16 
0 98 1 269.082 275.367 -0.348838 -0.937183 0.868243 -0.496139 1 100110101011000110001110 001111000100011101110001 3 0 1 1 0 0 0 1 1 0 0 0 0 0 1 1 0 0 0 0 14 1 16 1 16 1 16 1 16 
0 99 1 268.824 282.216 0.999727 -0.0233581 0.999089 -0.0426847 1 100110101011000110001110 001111000100011101110001 3 0 1 1 0 0 0 1 1 0 0 0 0 0 1 1 0 0 0 0 14 1 16 1 16 1 16 
0 100 1 275.469 213.306 -0.974165 0.225837 0.634566 0.772869 1 100110101011000110001110 001111000100011101110001 3 0 1 1 0 0 0 1 1 0 0 0 0 0 1 1 0 0 0 0 14 1 16 1 16 
1000 1 1 231.408 211.102 -0.139385 0.990238 -0.761984 -0.647596 0 100110101011000110001110 001111000100011101110001 3 0 1 1 0 0 0 1 1 0 0 0 0 0 1 1 0 0 0 0 14 1 16 1 16 1 16 1 16 
1000 2 1 225.435 227.522 0.732861 0.680378 -0.0512148 -0.998688 0 100110101011000110001110 001111000100011101110001 3 0 1 1 0 0 0 1 1 0 0 0 0 0 1 1 0 0 0 0 14 1 16 1 16 1 16 1 16 1 16 
1000 3 1 216.102 236 0.965044 0.262088 0.880153 0.474689 0 100110101011000110001110 001111000100011101110001 3 0 1 1 0 0 0 1 1 0 0 0 0 0 1 1 0 0 0 0 14 1 16 1 16 1 16 
1000 4 1 223.837 243.86 -0.794087 -0.607805 -0.492938 0.870065 0 100110101011000110001110 001111000100011101110001 3 0 1 1 0 0 0 1 1 0 0 0 0 0 1 1 0 0 0 0 14 1 16 1 16 1 16 1 16 1 16 1 16 1 16 
1000 5 1 236.833 243.762 0.973181 0.230041 0.973472 0.228807 0 100110101011000110001110 001111000100011101110001 3 0 1 1 0 0 0 1 1 0 0 0 0 0 1 1 0 0 0 0 14 1 16 1 16 1 16 1 16 1 16 
1000 7 1 225.341 250.386 -0.898955 0.438041 0.990596 -0.136823 0 100110101011000110001110 001111000100011101110001 3 0 1 1 0 0 0 1 1 0 0 0 0 0 1 1 0 0 0 0 14 1 16 1 16 1 16 1 16 1 16 1 16 
1000 9 1 221.022 280.044 0.386049 0.922478 -0.746734 -0.665123 0 100110101011000110001110 001111000100011101110001 3 0 1 1 0 0 0 1 1 0 0 0 0 0 1 1 0 0 0 0 14 1 16 1 16 1 16 1 16 
1000 11 1 219.804 264.891 -0.700356 -0.713794 -0.566587 -0.824002 0 100110101011000110001110 001111000100011101110001 3 0 1 1 0 0 0 1 1 0 0 0 0 0 1 1 0 0 0 0 14 1 16 1 16 1 16 1 16 1 16 
1000 12 1 245.729 219.479 0.022698 0.999742 0.489535 0.871984 0 100110101011000110001110 001111000100011101110001 3 0 1 1 0 0 0 1 1 0 0 0 0 0 1 1 0 0 0 0 14 1 16 1 16 1 16 1 16 
1000 13 1 236.087 220.5 -0.955418 -0.295258 0.638063 -0.769984 0 100110101011000110001110 001111000100011101110001 3 0 1 1 0 0 0 1 1 0 0 0 0 0 1 1 0 0 0 0 14 1 16 1 16 1 16 1 16 1 16 1 16 
1000 17 1 201.38 275.02 -0.97062 -0.240618 -0.987241 0.159232 0 100110101011000110001110 001111000100011101110001 3 0 1 1 0 0 0 1 1 0 0 0 0 0 1 1 0 0 0 0 14 1 16 1 16 1 16 
1000 18 1 213.958 240.75 0.83606 0.548639 -0.65882 -0.752301 0 100110101011000110001110 001111000100011101110001 3 0 1 1 0 0 0 1 1 0 0 0 0 0 1 1 0 0 0 0 14 1 16 1 16 1 16 1 16 1 16 
1000 19 1 213.8 248.533 0.00574043 -0.999984 0.494302 0.86929 0 100110101011000110001110 001111000100011101110001 3 0 1 1 0 0 0 1 1 0 0 0 0 0 1 1 0 0 0 0 14 1 16 1 16 1 16 1 16 1 16 
1000 21 1 200.94 266.3 -0.475248 0.879852 0.60628 0.795251 0 100110101011000110001110 001111000100011101110001 3 0 1 1 0 0 0 1 1 0 0 0 0 0 1 1 0 0 0 0 14 1 16 1 16 1 16 1 16 
1000 22 1 243.217 292.391 0.634198 -0.773171 -0.912465 0.409154 0 100110101011000110001110 001111000100011101110001 3 0 1 1 0 0 0 1 1 0 0 0 0 0 1 1 0 0 0 0 14 1 16 1 16 1 16 1 16 1 16 
1000 23 1 231.273 225.545 -0.961524 -0.274721 -0.869457 -0.494009 0 100110101011000110001110 001111000100011101110001 3 0 1 1 0 0 0 1 1 0 0 0 0 0 1 1 0 0 0 0 14 1 16 1 16 1 16 1 16 1 16 1 16 1 16 
1000 24 1 222.54 218.96 -0.472892 -0.88112 0.983787 -0.179342 0 100110101011000110001110 001111000100011101110001 3 0 1 1 0 0 0 1 1 0 0 0 0 0 1 1 0 0 0 0 14 1 16 1 16 1 16 1 16 1 16 
1000 26 1 231.5 235.568 0.917287 0.398227 -0.754606 -0.656179 0 100110101011000110001110 001111000100011101110001 3 0 1 1 0 0 0 1 1 0 0 0 0 0 1 1 0 0 0 0 14 1 16 1 16 1 16 1 16 1 16 
1000 27 1 248.4 241.15 0.827919 0.560848 -0.29333 -0.956011 0 100110101011000110001110 001111000100011101110001 3 0 1 1 0 0 0 1 1 0 0 0 0 0 1 1 0 0 0 0 14 1 16 1 16 1 16 1 16 
1000 30 1 224.711 272.267 -0.745156 0.66689 0.449432 -0.893315 0 100110101011000110001110 001111000100011101110001 3 0 1 1 0 0 0 1 1 0 0 0 0 0 1 1 0 0 0 0 14 1 16 1 16 1 16 1 16 1 16 
1000 33 1 234.591 282.568 0.880912 0.473279 0.886753 0.462244 0 100110101011000110001110 001111000100011101110001 3 0 1 1 0 0 0 1 1 0 0 0 0 0 1 1 0 0 0 0 14 1 16 1 16 1 16 1 16 1 16 1 16 1 16 
1000 34 1 246.818 228.432 0.629607 0.776914 -0.260376 -0.965507 0 100110101011000110001110 001111000100011101110001 3 0 1 1 0 0 0 1 1 0 0 0 0 0 1 1 0 0 0 0 14 1 16 1 16 1 16 1 16 1 16 1 16 
1000 35 1 224.608 211.431 -0.955983 0.293421 -0.99842 -0.0561837 0 100110101011000110001110 001111000100011101110001 3 0 1 1 0 0 0 1 1 0 0 0 0 0 1 1 0 0 0 0 14 1 16 1 16 
1000 40 1 234.071 275.548 0.982445 -0.186554 0.975282 0.220962 0 100110101011000110001110 001111000100011101110001 3 0 1 1 0 0 0 1 1 0 0 0 0 0 1 1 0 0 0 0 14 1 16 1 16 1 16 1 16 1 16 
1000 41 1 239.132 277.316 0.682511 0.730876 0.104925 0.99448 0 100110101011000110001110 001111000100011101110001 3 0 1 1 0 0 0 1 1 0 0 0 0 0 1 1 0 0 0 0 14 1 16 1 16 1 16 1 16 1 16 1 16 1 16 
1000 42 1 213.13 263.413 -0.999133 0.0416305 -0.941188 -0.337882 0 100110101011000110001110 001111000100011101110001 3 0 1 1 0 0 0 1 1 0 0 0 0 0 1 1 0 0 0 0 14 1 16 1 16 1 16 1 16 
1000 43 1 247.6 278.571 -0.987137 0.159876 0.229039 -0.973417 0 100110101011000110001110 001111000100011101110001 3 0 1 1 0 0 0 1 1 0 0 0 0 0 1 1 0 0 0 0 14 1 16 1 16 1 16 1 16 1 16 1 16 1 16 
1000 44 1 252.767 290.558 -0.996485 -0.0837767 -0.986077 -0.166291 0 100110101011000110001110 001111000100011101110001 3 0 1 1 0 0 0 1 1 0 0 0 0 0 1 1 0 0 0 0 14 1 16 1 16 1 16 1 16 1 16 
1000 48 1 238.622 229.689 -0.896195 -0.443661 -0.79315 -0.609026 0 100110101011000110001110 001111000100011101110001 3 0 1 1 0 0 0 1 1 0 0 0 0 0 1 1 0 0 0 0 14 1 16 1 16 1 16 1 16 1 16 1 16 
1000 49 1 232.721 231.279 0.561258 0.827641 -0.410516 -0.911854 0 100110101011000110001110 001111000100011101110001 3 0 1 1 0 0 0 1 1 0 0 0 0 0 1 1 0 0 0 0 14 1 16 1 16 1 16 1 16 1 16 
1000 52 1 266.771 269.229 -0.769344 0.638835 0.520428 -0.853906 0 100110101011000110001110 001111000100011101110001 3 0 1 1 0 0 0 1 1 0 0 0 0 0 1 1 0 0 0 0 14 1 16 1 16 1 16 1 16 1 16 
1000 53 1 265.028 280.444 -0.979469 -0.201593 0.266706 0.963778 0 100110101011000110001110 001111000100011101110001 3 0 1 1 0 0 0 1 1 0 0 0 0 0 1 1 0 0 0 0 14 1 16 1 16 1 16 1 16 1 16 1 16 1 16 1 16 1 16 1 16 1 16 
1000 54 1 262.864 292.75 0.841257 -0.540636 0.243086 -0.970005 0 100110101011000110001110 001111000100011101110001 3 0 1 1 0 0 0 1 1 0 0 0 0 0 1 1 0 0 0 0 14 1 16 1 16 1 16 1 16 1 16 1 16 1 16 1 16 1 16 
1000 55 1 257.158 279.895 0.0406094 -0.999175 -0.547136 0.837043 0 100110101011000110001110 001111000100011101110001 3 0 1 1 0 0 0 1 1 0 0 0 0 0 1 1 0 0 0 0 14 1 16 1 16 1 16 1 16 1 16 1 16 1 16 1 16 
1000 56 1 252.156 223.511 0.490802 0.871271 -0.0516551 -0.998665 0 100110101011000110001110 001111000100011101110001 3 0 1 1 0 0 0 1 1 0 0 0 0 0 1 1 0 0 0 0 14 1 16 1 16 1 16 1 16 
1000 58 1 251.302 233 0.373401 0.92767 0.999656 0.0262377 0 100110101011000110001110 001111000100011101110001 3 0 1 1 0 0 0 1 1 0 0 0 0 0 1 1 0 0 0 0 14 1 16 1 16 1 16 1 16 1 16 
1000 59 1 255.575 245.05 0.157649 0.987495 -0.98805 -0.154136 0 100110101011000110001110 001111000100011101110001 3 0 1 1 0 0 0 1 1 0 0 0 0 0 1 1 0 0 0 0 14 1 16 1 16 1 16 1 16 1 16 
1000 60 1 251.771 259.714 -0.703521 0.710675 0.874027 -0.485877 0 100110101011000110001110 001111000100011101110001 3 0 1 1 0 0 0 1 1 0 0 0 0 0 1 1 0 0 0 0 14 1 16 1 16 1 16 1 16 1 16 1 16 1 16 1 16 
1000 62 1 221.085 255.553 -0.80183 -0.597552 -0.850265 0.526355 0 100110101011000110001110 001111000100011101110001 3 0 1 1 0 0 0 1 1 0 0 0 0 0 1 1 0 0 0 0 14 1 16 1 16 1 16 1 16 1 16 1 16 1 16 
1000 63 1 244.606 266.424 -0.941803 0.336165 0.99872 -0.0505823 0 100110101011000110001110 001111000100011101110001 3 0 1 1 0 0 0 1 1 0 0 0 0 0 1 1 0 0 0 0 14 1 16 1 16 1 16 1 16 1 16 1 16 1 16 
1000 64 1 273.5 277.889 -0.285239 -0.958456 -0.991928 -0.126799 0 100110101011000110001110 001111000100011101110001 3 0 1 1 0 0 0 1 1 0 0 0 0 0 1 1 0 0 0 0 14 1 16 1 16 1 16 1 16 1 16 1 16 1 16 
1000 65 1 284.698 286.558 -0.999636 0.0269877 -0.746337 0.665568 0 100110101011000110001110 001111000100011101110001 3 0 1 1 0 0 0 1 1 0 0 0 0 0 1 1 0 0 0 0 14 1 16 1 16 1 16 1 16 1 16 1 16 
1000 66 1 269.5 291.65 0.870229 0.492648 -0.998647 -0.0519969 0 100110101011000110001110 001111000100011101110001 3 0 1 1 0 0 0 1 1 0 0 0 0 0 1 1 0 0 0 0 14 1 16 1 16 1 16 1 16 1 16 1 16 1 16 1 16 1 16 1 16 
1000 69 1 256.405 236.071 -0.898474 0.439027 0.871849 0.489774 0 100110101011000110001110 001111000100011101110001 3 0 1 1 0 0 0 1 1 0 0 0 0 0 1 1 0 0 0 0 14 1 16 1 16 1 16 1 16 1 16 1 16 1 16 
1000 75 1 253.457 269.429 -0.997274 -0.0737829 -0.404772 0.914417 0 100110101011000110001110 001111000100011101110001 3 0 1 1 0 0 0 1 1 0 0 0 0 0 1 1 0 0 0 0 14 1 16 1 16 1 16 1 16 1 16 1 16 1 16 1 16 1 16 
1000 77 1 293.204 278.51 -0.813096 0.58213 -0.19821 -0.98016 0 100110101011000110001110 001111000100011101110001 3 0 1 1 0 0 0 1 1 0 0 0 0 0 1 1 0 0 0 0 14 1 16 1 16 1 16 1 16 1 16 
1000 78 1 263.711 220.378 -0.993628 -0.112711 -0.376073 -0.92659 0 100110101011000110001110 001111000100011101110001 3 0 1 1 0 0 0 1 1 0 0 0 0 0 1 1 0 0 0 0 14 1 16 1 16 
1000 79 1 266.426 240.915 0.966271 0.257526 0.479149 0.877733 0 100110101011000110001110 001111000100011101110001 3 0 1 1 0 0 0 1 1 0 0 0 0 0 1 1 0 0 0 0 14 1 16 1 16 1 16 1 16 1 16 1 16 
1000 81 1 270.884 254.395 -0.999711 0.0240226 0.541233 0.840873 0 100110101011000110001110 001111000100011101110001 3 0 1 1 0 0 0 1 1 0 0 0 0 0 1 1 0 0 0 0 14 1 16 1 16 1 16 
1000 83 1 238.561 253.463 0.99763 0.0688021 0.230967 -0.972962 0 100110101011000110001110 001111000100011101110001 3 0 1 1 0 0 0 1 1 0 0 0 0 0 1 1 0 0 0 0 14 1 16 
1000 84 1 242.857 261.486 0.137986 0.990434 -0.965038 0.262109 0 100110101011000110001110 001111000100011101110001 3 0 1 1 0 0 0 1 1 0 0 0 0 0 1 1 0 0 0 0 14 1 16 1 16 1 16 1 16 1 16 
1000 86 1 281.591 263.682 0.993954 0.109797 0.173469 -0.984839 0 100110101011000110001110 001111000100011101110001 3 0 1 1 0 0 0 1 1 0 0 0 0 0 1 1 0 0 0 0 14 1 16 1 16 1 16 1 16 1 16 1 16 1 16 
1000 87 1 285.902 271.049 0.882348 0.470598 0.267644 0.963518 0 100110101011000110001110 001111000100011101110001 3 0 1 1 0 0 0 1 1 0 0 0 0 0 1 1 0 0 0 0 14 1 16 1 16 1 16 1 16 1 16 1 16 1 16 1 16 
1000 88 1 290.659 269.409 0.970143 -0.242536 0.615043 -0.788494 0 100110101011000110001110 001111000100011101110001 3 0 1 1 0 0 0 1 1 0 0 0 0 0 1 1 0 0 0 0 14 1 16 1 16 1 16 1 16 1 16 
1000 89 1 269.458 224.646 0.991196 -0.132406 -0.814126 0.580688 0 100110101011000110001110 001111000100011101110001 3 0 1 1 0 0 0 1 1 0 0 0 0 0 1 1 0 0 0 0 14 1 16 1 16 1 16 
1000 92 1 275.587 243.152 0.903034 0.42957 0.703649 -0.710548 0 100110101011000110001110 001111000100011101110001 3 0 1 1 0 0 0 1 1 0 0 0 0 0 1 1 0 0 0 0 14 1 16 1 16 1 16 
1000 93 1 248.139 254.444 -0.987091 -0.160163 -0.859316 0.511444 0 100110101011000110001110 001111000100011101110001 3 0 1 1 0 0 0 1 1 0 0 0 0 0 1 1 0 0 0 0 14 1 16 1 16 1 16 1 16 1 16 
1000 95 1 255.775 252.875 0.728674 0.684861 -0.88562 0.464411 0 100110101011000110001110 001111000100011101110001 3 0 1 1 0 0 0 1 1 0 0 0 0 0 1 1 0 0 0 0 14 1 16 1 16 1 16 1 16 1 16 
1000 96 1 277.698 257.744 -0.41576 0.909474 -0.783826 -0.620981 0 100110101011000110001110 001111000100011101110001 3 0 1 1 0 0 0 1 1 0 0 0 0 0 1 1 0 0 0 0 14 1 16 1 16 1 16 1 16 1 16 
1000 97 1 285.044 260.911 0.908665 -0.417525 0.947953 0.31841 0 100110101011000110001110 001111000100011101110001 3 0 1 1 0 0 0 1 1 0 0 0 0 0 1 1 0 0 0 0 14 1 16 1 16 1 16 1 16 
1000 99 1 287.632 279.789 0.32202 -0.946733 -0.284818 0.958582 0 100110101011000110001110 001111000100011101110001 3 0 1 1 0 0 0 1 1 0 0 0 0 0 1 1 0 0 0 0 14 1 16 1 16 1 16 1 16 1 16 1 16 1 16 1 16 
1000 100 1 274.277 230.106 0.996107 0.0881481 -0.730551 -0.682858 0 100110101011000110001110 001111000100011101110001 3 0 1 1 0 0 0 1 1 0 0 0 0 0 1 1 0 0 0 0 14 1 16 1 16 
1000 101 1 209.702 276.766 -0.988645 -0.150267 -0.987241 0.159232 0 100110101011000110001110 001111000100011101110001 3 0 1 1 0 0 0 1 1 0 0 0 0 0 1 1 0 0 0 0 14 1 16 1 16 1 16 
1000 102 1 205.196 270.333 0.0297377 0.999558 0.60628 0.795251 0 100110101011000110001110 001111000100011101110001 3 0 1 1 0 0 0 1 1 0 0 0 0 0 1 1 0 0 0 0 14 1 16 1 16 1 16 1 16 
1000 103 1 202.78 260.74 -0.289814 -0.957083 -0.443382 -0.896333 0 100110101011000110001110 001111000100011101110001 3 0 1 1 0 0 0 1 1 0 0 0 0 0 1 1 0 0 0 0 14 1 16 1 16 1 16 
1000 104 1 218.341 246.341 0.272362 -0.962195 -0.65882 -0.752301 0 100110101011000110001110 001111000100011101110001 3 0 1 1 0 0 0 1 1 0 0 0 0 0 1 1 0 0 0 0 14 1 16 1 16 1 16 1 16 1 16 1 16 
1000 105 1 216.111 257.933 -0.680594 0.732661 -0.850265 0.526355 0 100110101011000110001110 001111000100011101110001 3 0 1 1 0 0 0 1 1 0 0 0 0 0 1 1 0 0 0 0 14 1 16 1 16 1 16 1 16 
1000 106 1 225.683 266 0.0273959 0.999625 -0.566587 -0.824002 0 100110101011000110001110 001111000100011101110001 3 0 1 1 0 0 0 1 1 0 0 0 0 0 1 1 0 0 0 0 14 1 16 1 16 1 16 
1000 107 1 219.5 225.196 0.718967 0.695044 0.983787 -0.179342 0 100110101011000110001110 001111000100011101110001 3 0 1 1 0 0 0 1 1 0 0 0 0 0 1 1 0 0 0 0 14 1 16 1 16 
1000 108 1 230.279 240.047 0.766558 -0.642175 0.976757 -0.214351 0 100110101011000110001110 001111000100011101110001 3 0 1 1 0 0 0 1 1 0 0 0 0 0 1 1 0 0 0 0 14 1 16 1 16 1 16 1 16 
1000 109 1 230.214 246.524 0.887084 0.461608 -0.492938 0.870065 0 100110101011000110001110 001111000100011101110001 3 0 1 1 0 0 0 1 1 0 0 0 0 0 1 1 0 0 0 0 14 1 16 1 16 1 16 1 16 
1000 111 1 228.381 277.452 0.747574 0.664179 0.975282 0.220962 0 100110101011000110001110 001111000100011101110001 3 0 1 1 0 0 0 1 1 0 0 0 0 0 1 1 0 0 0 0 14 1 16 1 16 1 16 1 16 
1000 114 1 241.6 224.6 0.309551 0.950883 0.638063 -0.769984 0 100110101011000110001110 001111000100011101110001 3 0 1 1 0 0 0 1 1 0 0 0 0 0 1 1 0 0 0 0 14 1 16 1 16 1 16 1 16 1 16 1 16 
1000 115 1 239.043 288.348 -0.520155 0.854072 -0.912465 0.409154 0 100110101011000110001110 001111000100011101110001 3 0 1 1 0 0 0 1 1 0 0 0 0 0 1 1 0 0 0 0 14 1 16 1 16 1 16 1 16 
1000 118 1 242.806 273.194 0.734195 0.678938 0.99872 -0.0505823 0 100110101011000110001110 001111000100011101110001 3 0 1 1 0 0 0 1 1 0 0 0 0 0 1 1 0 0 0 0 14 1 16 1 16 1 16 1 16 1 16 
1000 119 1 251.171 276.371 -0.666902 0.745146 0.229039 -0.973417 0 100110101011000110001110 001111000100011101110001 3 0 1 1 0 0 0 1 1 0 0 0 0 0 1 1 0 0 0 0 14 1 16 1 16 1 16 1 16 1 16 
1000 120 1 248.694 262.167 -0.894273 0.447522 0.874027 -0.485877 0 100110101011000110001110 001111000100011101110001 3 0 1 1 0 0 0 1 1 0 0 0 0 0 1 1 0 0 0 0 14 1 16 1 16 1 16 1 16 1 16 
1000 121 1 255.326 295.37 -0.980871 0.194657 -0.986077 -0.166291 0 100110101011000110001110 001111000100011101110001 3 0 1 1 0 0 0 1 1 0 0 0 0 0 1 1 0 0 0 0 14 1 16 1 16 1 16 1 16 1 16 1 16 
1000 122 1 255.7 241.225 0.49513 -0.868819 0.871849 0.489774 0 100110101011000110001110 001111000100011101110001 3 0 1 1 0 0 0 1 1 0 0 0 0 0 1 1 0 0 0 1 16 1 16 1 16 1 16 1 16 1 16 
1000 123 1 256.088 260.588 -0.765039 0.643984 -0.88562 0.464411 0 100110101011000110001110 001111000100011101110001 3 0 1 1 0 0 0 1 1 0 0 0 0 0 1 1 0 0 0 0 14 1 16 1 16 1 16 1 16 1 16 
1000 124 1 258.632 287.553 -0.938972 0.343994 -0.547136 0.837043 0 100110101011000110001110 001111000100011101110001 3 0 1 1 0 0 0 1 1 0 0 0 0 0 1 1 0 0 0 0 14 1 16 1 16 1 16 1 16 1 16 1 16 1 16 
1000 125 1 258.583 265.722 0.779645 -0.626222 0.796002 -0.605293 0 100110101011000110001110 001111000100011101110001 3 0 1 1 0 0 0 1 1 0 0 0 0 0 1 1 0 0 0 0 14 1 16 1 16 1 16 1 16 1 16 1 16 
1000 127 1 261.472 269.778 -0.984162 -0.177272 0.520428 -0.853906 0 100110101011000110001110 001111000100011101110001 3 0 1 1 0 0 0 1 1 0 0 0 0 0 1 1 0 0 0 0 14 1 16 1 16 1 16 1 16 
1000 128 1 268.1 258.4 0.275615 0.961268 0.113238 0.993568 0 100110101011000110001110 001111000100011101110001 3 0 1 1 0 0 0 1 1 0 0 0 0 0 1 1 0 0 0 0 14 1 16 1 16 1 16 
1000 129 1 263.167 299.458 0.91304 0.407869 0.243086 -0.970005 0 100110101011000110001110 001111000100011101110001 3 0 1 1 0 0 0 1 1 0 0 0 0 0 1 1 0 0 0 0 14 1 16 1 16 1 16 1 16 
1000 130 1 268.617 234.617 0.535266 -0.844683 -0.854708 -0.519109 0 100110101011000110001110 001111000100011101110001 3 0 1 1 0 0 0 1 1 0 0 0 0 0 1 1 0 0 0 0 14 1 16 1 16 1 16 1 16 1 16 1 16 
1000 131 1 268.559 285.412 -0.668989 -0.743272 0.266706 0.963778 0 100110101011000110001110 001111000100011101110001 3 0 1 1 0 0 0 1 1 0 0 0 0 0 1 1 0 0 0 0 14 1 16 1 16 1 16 1 16 1 16 1 16 1 16 
1000 132 1 262.429 276.171 0.719707 -0.694278 0.978775 -0.204936 0 100110101011000110001110 001111000100011101110001 3 0 1 1 0 0 0 1 1 0 0 0 0 0 1 1 0 0 0 0 14 1 16 1 16 1 16 1 16 1 16 1 16 
1000 133 1 270.087 298.239 -0.909949 0.414721 -0.998647 -0.0519969 0 100110101011000110001110 001111000100011101110001 3 0 1 1 0 0 0 1 1 0 0 0 0 0 1 1 0 0 0 0 14 1 16 1 16 1 16 1 16 
1000 134 1 277.628 251.953 -0.51073 -0.859741 -0.994581 0.103963 0 100110101011000110001110 001111000100011101110001 3 0 1 1 0 0 0 1 1 0 0 0 0 0 1 1 0 0 0 0 14 1 16 1 16 1 16 
1000 135 1 276.811 270.243 -0.921201 0.389088 0.242536 0.970143 0 100110101011000110001110 001111000100011101110001 3 0 1 1 0 0 0 1 1 0 0 0 0 0 1 1 0 0 0 0 14 1 16 1 16 1 16 1 16 1 16 
1000 136 1 272.765 284.059 -0.796203 0.60503 -0.991928 -0.126799 0 100110101011000110001110 001111000100011101110001 3 0 1 1 0 0 0 1 1 0 0 0 0 0 1 1 0 0 0 0 14 1 16 1 16 1 16 1 16 1 16 
1000 139 1 284.354 296.021 -0.948676 -0.31625 -0.746337 0.665568 0 100110101011000110001110 001111000100011101110001 3 0 1 1 0 0 0 1 1 0 0 0 0 0 1 1 0 0 0 0 14 1 16 1 16 1 16 1 16 1 16 
1000 140 1 293.292 285.104 0.689615 -0.724177 -0.19821 -0.98016 0 100110101011000110001110 001111000100011101110001 3 0 1 1 0 0 0 1 1 0 0 0 0 0 1 1 0 0 0 0 14 1 16 1 16 1 16 1 16 1 16 
1000 141 1 232.511 289.447 -0.843282 -0.537472 0.886753 0.462244 0 100110101011000110001110 001111000100011101110001 3 0 1 1 0 0 0 1 1 0 0 0 0 0 1 1 0 0 0 0 14 1 16 1 16 
1000 144 1 261.63 235.674 0.14801 0.988986 0.871849 0.489774 0 100110101011000110001110 001111000100011101110001 3 0 1 1 0 0 0 1 1 0 0 0 0 0 1 1 0 0 0 0 14 1 16 1 16 1 16 1 16 
1000 146 1 275.488 293.767 0.965942 -0.25876 -0.998647 -0.0519969 0 100110101011000110001110 001111000100011101110001 3 0 1 1 0 0 0 1 1 0 0 0 0 0 1 1 0 0 0 0 14 1 16 1 16 1 16 1 16 1 16 
1000 148 1 289.082 291.122 0.826271 -0.563273 -0.746337 0.665568 0 100110101011000110001110 001111000100011101110001 3 0 1 1 0 0 0 1 1 0 0 0 0 0 1 1 0 0 0 0 14 1 16 1 16 1 16 1 16 
1000 149 1 263 285.571 -0.869159 0.494533 0.266706 0.963778 0 100110101011000110001110 001111000100011101110001 3 0 1 1 0 0 0 1 1 0 0 0 0 0 1 1 0 0 0 1 16 1 16 1 16 1 16 1 16 1 16 
1000 150 1 280.056 271.917 -0.943757 0.33064 0.267644 0.963518 0 100110101011000110001110 001111000100011101110001 3 0 1 1 0 0 0 1 1 0 0 0 0 0 1 1 0 0 0 0 14 1 16 1 16 1 16 1 16 
