0 1 1 213.37 213.804 -0.805306 0.592859 -0.681903 0.731443 1 100110101011000110001110 001111000100011101110001 3 0 1 1 0 0 0 1 1 0 0 0 0 0 1 1 0 0 0 0 14 1 16 1 16 1 16 
0 2 1 212.809 219.702 -0.46504 -0.88529 -0.999751 -0.0223172 1 100110101011000110001110 001111000100011101110001 3 0 1 1 0 0 0 1 1 0 0 0 0 0 1 1 0 0 0 0 14 1 16 1 16 1 16 
0 3 1 213.061 226.347 -0.68817 -0.72555 0.996546 -0.0830455 1 100110101011000110001110 001111000100011101110001 3 0 1 1 0 0 0 1 1 0 0 0 0 0 1 1 0 0 0 0 14 1 16 1 16 1 16 1 16 1 16 
0 4 1 213.32 234.36 0.814419 0.580277 -0.924748 -0.380581 1 100110101011000110001110 001111000100011101110001 3 0 1 1 0 0 0 1 1 0 0 0 0 0 1 1 0 0 0 0 14 1 16 1 16 1 16 1 16 
0 5 1 213.531 241.02 -0.722453 -0.69142 -0.81522 -0.579152 1 100110101011000110001110 001111000100011101110001 3 0 1 1 0 0 0 1 1 0 0 0 0 0 1 1 0 0 0 0 14 1 16 1 16 1 16 1 16 1 16 
0 6 1 213.38 248.62 0.385918 -0.922533 -0.961356 0.275308 1 100110101011000110001110 001111000100011101110001 3 0 1 1 0 0 0 1 1 0 0 0 0 0 1 1 0 0 0 0 14 1 16 1 16 1 16 1 16 
0 7 1 212.02 254.306 -0.98844 0.151611 -0.977293 0.211891 1 100110101011000110001110 001111000100011101110001 3 0 1 1 0 0 0 1 1 0 0 0 0 0 1 1 0 0 0 0 14 1 16 1 16 1 16 
0 8 1 212.824 261.431 -0.998702 -0.0509287 -0.482046 -0.876146 1 100110101011000110001110 001111000100011101110001 3 0 1 1 0 0 0 1 1 0 0 0 0 0 1 1 0 0 0 0 14 1 16 1 16 1 16 1 16 
0 9 1 213.36 268.48 0.980033 -0.198836 0.982614 0.185658 1 100110101011000110001110 001111000100011101110001 3 0 1 1 0 0 0 1 1 0 0 0 0 0 1 1 0 0 0 0 14 1 16 1 16 1 16 1 16 
0 10 1 213.688 274.958 0.967739 -0.251953 0.464802 0.885415 1 100110101011000110001110 001111000100011101110001 3 0 1 1 0 0 0 1 1 0 0 0 0 0 1 1 0 0 0 0 14 1 16 1 16 1 16 1 16 
0 11 1 212.333 283.125 0.991267 0.131873 -0.616347 -0.787474 1 100110101011000110001110 001111000100011101110001 3 0 1 1 0 0 0 1 1 0 0 0 0 0 1 1 0 0 0 0 14 1 16 1 16 1 16 
0 12 1 220.936 212.638 0.304802 0.952416 -0.736261 -0.676698 1 100110101011000110001110 001111000100011101110001 3 0 1 1 0 0 0 1 1 0 0 0 0 0 1 1 0 0 0 0 14 1 16 1 16 1 16 1 16 
0 13 1 220.184 219.694 -0.94807 0.318062 -0.242536 -0.970143 1 100110101011000110001110 001111000100011101110001 3 0 1 1 0 0 0 1 1 0 0 0 0 0 1 1 0 0 0 1 16 1 16 1 16 1 16 1 16 1 16 1 16 
0 14 1 219.812 226.812 0.60666 0.794961 0.557998 0.829843 1 100110101011000110001110 001111000100011101110001 3 0 1 1 0 0 0 1 1 0 0 0 0 0 1 1 0 0 0 1 16 1 16 1 16 1 16 1 16 
0 15 1 219.58 234.04 0.304397 -0.952545 0.626638 0.77931 1 100110101011000110001110 001111000100011101110001 3 0 1 1 0 0 0 1 1 0 0 0 0 0 1 1 0 0 0 1 16 1 16 1 16 1 16 1 16 1 16 1 16 
0 16 1 221.143 241.51 -0.163098 -0.98661 0.940087 -0.340935 1 100110101011000110001110 001111000100011101110001 3 0 1 1 0 0 0 1 1 0 0 0 0 0 1 1 0 0 0 1 16 1 16 1 16 1 16 1 16 1 16 1 16 
0 17 1 220.042 248.375 0.212582 -0.977143 0.982155 0.188072 1 100110101011000110001110 001111000100011101110001 3 0 1 1 0 0 0 1 1 0 0 0 0 0 1 1 0 0 0 1 16 1 16 1 16 1 16 1 16 1 16 
0 18 1 220.255 255.373 0.961408 -0.275128 -0.737585 -0.675254 1 100110101011000110001110 001111000100011101110001 3 0 1 1 0 0 0 1 1 0 0 0 0 0 1 1 0 0 0 1 16 1 16 1 16 1 16 1 16 1 16 1 16 
0 19 1 219.312 262.271 0.183727 -0.982977 0.90717 -0.420765 1 100110101011000110001110 001111000100011101110001 3 0 1 1 0 0 0 1 1 0 0 0 0 0 1 1 0 0 0 1 16 1 16 1 16 1 16 1 16 
0 20 1 220.824 269.255 -0.0757836 -0.997124 -0.849835 0.527049 1 100110101011000110001110 001111000100011101110001 3 0 1 1 0 0 0 1 1 0 0 0 0 0 1 1 0 0 0 1 16 1 16 1 16 1 16 1 16 1 16 1 16 
0 21 1 218.82 277.46 -0.0731386 0.997322 0.380829 0.924646 1 100110101011000110001110 001111000100011101110001 3 0 1 1 0 0 0 1 1 0 0 0 0 0 1 1 0 0 0 1 16 1 16 1 16 1 16 1 16 1 16 
0 22 1 219.5 284 -0.973969 0.22668 -0.470785 -0.882248 1 100110101011000110001110 001111000100011101110001 3 0 1 1 0 0 0 1 1 0 0 0 0 0 1 1 0 0 0 0 14 1 16 1 16 1 16 
0 23 1 228.18 212.78 -0.861254 0.508174 -0.664527 0.747264 1 100110101011000110001110 001111000100011101110001 3 0 1 1 0 0 0 1 1 0 0 0 0 0 1 1 0 0 0 0 14 1 16 1 16 1 16 1 16 
0 24 1 226.479 219.229 0.732525 0.68074 0.742117 -0.67027 1 100110101011000110001110 001111000100011101110001 3 0 1 1 0 0 0 1 1 0 0 0 0 0 1 1 0 0 0 1 16 1 16 1 16 1 16 1 16 
0 25 1 226.918 226.98 -0.672681 -0.739932 0.738519 0.674233 1 100110101011000110001110 001111000100011101110001 3 0 1 1 0 0 0 1 1 0 0 0 0 0 1 1 0 0 0 1 16 1 16 1 16 1 16 1 16 1 16 1 16 
0 26 1 226.58 233.7 0.592499 -0.805571 -0.961187 -0.275896 1 100110101011000110001110 001111000100011101110001 3 0 1 1 0 0 0 1 1 0 0 0 0 0 1 1 0 0 0 1 16 1 16 1 16 1 16 1 16 1 16 1 16 
0 27 1 227.367 241.061 0.655531 -0.755168 0.776832 0.629708 1 100110101011000110001110 001111000100011101110001 3 0 1 1 0 0 0 1 1 0 0 0 0 0 1 1 0 0 0 1 16 1 16 1 16 1 16 1 16 1 16 
0 28 1 226.612 248.306 -0.56405 0.825741 -0.735886 0.677106 1 100110101011000110001110 001111000100011101110001 3 0 1 1 0 0 0 1 1 0 0 0 0 0 1 1 0 0 0 1 16 1 16 1 16 1 16 1 16 
0 29 1 227.574 255.277 0.610918 0.791694 0.999788 -0.0205807 1 100110101011000110001110 001111000100011101110001 3 0 1 1 0 0 0 1 1 0 0 0 0 0 1 1 0 0 0 1 16 1 16 1 16 1 16 1 16 1 16 
0 30 1 226.64 262.04 0.314828 -0.949149 0.983528 -0.180756 1 100110101011000110001110 001111000100011101110001 3 0 1 1 0 0 0 1 1 0 0 0 0 0 1 1 0 0 0 1 16 1 16 1 16 1 16 1 16 1 16 1 16 
0 31 1 227.96 268.8 0.498951 0.86663 -0.352488 0.935816 1 100110101011000110001110 001111000100011101110001 3 0 1 1 0 0 0 1 1 0 0 0 0 0 1 1 0 0 0 1 16 1 16 1 16 1 16 1 16 
0 32 1 226.76 276.08 -0.0727398 -0.997351 0.11128 -0.993789 1 100110101011000110001110 001111000100011101110001 3 0 1 1 0 0 0 1 1 0 0 0 0 0 1 1 0 0 0 1 16 1 16 1 16 1 16 1 16 1 16 1 16 
0 33 1 225.306 282.408 -0.94116 -0.33796 0.986462 0.163993 1 100110101011000110001110 001111000100011101110001 3 0 1 1 0 0 0 1 1 0 0 0 0 0 1 1 0 0 0 0 14 1 16 1 16 1 16 1 16 
0 34 1 233.882 212.784 -0.960692 0.277618 -0.0482392 0.998836 1 100110101011000110001110 001111000100011101110001 3 0 1 1 0 0 0 1 1 0 0 0 0 0 1 1 0 0 0 0 14 1 16 1 16 1 16 1 16 
0 35 1 233.653 220.367 0.871087 -0.491129 -0.998452 -0.0556241 1 100110101011000110001110 001111000100011101110001 3 0 1 1 0 0 0 1 1 0 0 0 0 0 1 1 0 0 0 1 16 1 16 1 16 1 16 1 16 1 16 1 16 
0 36 1 234 226.408 0.700214 0.713933 0.336111 0.941822 1 100110101011000110001110 001111000100011101110001 3 0 1 1 0 0 0 1 1 0 0 0 0 0 1 1 0 0 0 1 16 1 16 1 16 1 16 1 16 
0 37 1 233.915 234.064 0.447981 -0.894043 0.837611 -0.546268 1 100110101011000110001110 001111000100011101110001 3 0 1 1 0 0 0 1 1 0 0 0 0 0 1 1 0 0 0 1 16 1 16 1 16 1 16 1 16 1 16 1 16 
0 38 1 234.082 240.898 0.899936 -0.436023 -0.797092 -0.603858 1 100110101011000110001110 001111000100011101110001 3 0 1 1 0 0 0 1 1 0 0 0 0 0 1 1 0 0 0 1 16 1 16 1 16 1 16 1 16 1 16 1 16 
0 39 1 233.82 248 0.737416 -0.675438 -0.154377 0.988012 1 100110101011000110001110 001111000100011101110001 3 0 1 1 0 0 0 1 1 0 0 0 0 0 1 1 0 0 0 1 16 1 16 1 16 1 16 1 16 1 16 1 16 
0 40 1 234.163 254.959 -0.673311 0.739359 -0.0118335 -0.99993 1 100110101011000110001110 001111000100011101110001 3 0 1 1 0 0 0 1 1 0 0 0 0 0 1 1 0 0 0 1 16 1 16 1 16 1 16 1 16 1 16 
0 41 1 234.489 262.957 -0.717886 0.696161 0.13702 0.990568 1 100110101011000110001110 001111000100011101110001 3 0 1 1 0 0 0 1 1 0 0 0 0 0 1 1 0 0 0 1 16 1 16 1 16 1 16 1 16 1 16 1 16 
0 42 1 233.917 270.083 -0.155106 -0.987898 0.45932 0.888271 1 100110101011000110001110 001111000100011101110001 3 0 1 1 0 0 0 1 1 0 0 0 0 0 1 1 0 0 0 1 16 1 16 1 16 1 16 1 16 1 16 
0 43 1 234.327 276.49 -0.884413 -0.466706 0.792844 -0.609425 1 100110101011000110001110 001111000100011101110001 3 0 1 1 0 0 0 1 1 0 0 0 0 0 1 1 0 0 0 1 16 1 16 1 16 1 16 
0 44 1 233.431 282.431 0.985614 0.169014 -0.52751 -0.849549 1 100110101011000110001110 001111000100011101110001 3 0 1 1 0 0 0 1 1 0 0 0 0 0 1 1 0 0 0 0 14 1 16 1 16 1 16 1 16 1 16 
0 45 1 241.327 213.041 -0.991897 -0.127045 -0.471652 -0.881785 1 100110101011000110001110 001111000100011101110001 3 0 1 1 0 0 0 1 1 0 0 0 0 0 1 1 0 0 0 0 14 1 16 1 16 1 16 1 16 
0 46 1 241.26 219.26 0.231931 -0.972732 -0.423497 0.905898 1 100110101011000110001110 001111000100011101110001 3 0 1 1 0 0 0 1 1 0 0 0 0 0 1 1 0 0 0 1 16 1 16 1 16 1 16 1 16 1 16 1 16 
0 47 1 240.5 227.231 0.984846 -0.173433 -0.93683 -0.349786 1 100110101011000110001110 001111000100011101110001 3 0 1 1 0 0 0 1 1 0 0 0 0 0 1 1 0 0 0 1 16 1 16 1 16 1 16 1 16 1 16 
0 48 1 240.745 233.922 0.983249 0.182268 -0.939817 -0.341679 1 100110101011000110001110 001111000100011101110001 3 0 1 1 0 0 0 1 1 0 0 0 0 0 1 1 0 0 0 1 16 1 16 1 16 1 16 1 16 1 16 
0 49 1 241.04 240.86 0.554235 -0.83236 0.680415 0.732827 1 100110101011000110001110 001111000100011101110001 3 0 1 1 0 0 0 1 1 0 0 0 0 0 1 1 0 0 0 1 16 1 16 1 16 1 16 1 16 1 16 1 16 
0 50 1 241.163 248.265 -0.00679993 -0.999977 -0.887143 0.461494 1 100110101011000110001110 001111000100011101110001 3 0 1 1 0 0 0 1 1 0 0 0 0 0 1 1 0 0 0 1 16 1 16 1 16 1 16 1 16 1 16 1 16 1 16 
0 51 1 240.52 255.92 0.389406 0.921066 0.707107 0.707107 1 100110101011000110001110 001111000100011101110001 3 0 1 1 0 0 0 1 1 0 0 0 0 0 1 1 0 0 0 1 16 1 16 1 16 1 16 1 16 1 16 
0 52 1 240.8 262.089 0.997969 -0.0637068 -0.681956 -0.731393 1 100110101011000110001110 001111000100011101110001 3 0 1 1 0 0 0 1 1 0 0 0 0 0 1 1 0 0 0 1 16 1 16 1 16 1 16 
0 53 1 241.18 269.16 0.782957 -0.622076 0.843028 -0.537869 1 100110101011000110001110 001111000100011101110001 3 0 1 1 0 0 0 1 1 0 0 0 0 0 1 1 0 0 0 1 16 1 16 1 16 1 16 1 16 1 16 1 16 
0 54 1 241.083 276.312 0.116771 0.993159 0.0384331 -0.999261 1 100110101011000110001110 001111000100011101110001 3 0 1 1 0 0 0 1 1 0 0 0 0 0 1 1 0 0 0 1 16 1 16 1 16 1 16 1 16 1 16 
0 55 1 241.571 283.061 -0.0801529 -0.996783 0.252853 -0.967505 1 100110101011000110001110 001111000100011101110001 3 0 1 1 0 0 0 1 1 0 0 0 0 0 1 1 0 0 0 0 14 1 16 1 16 1 16 1 16 
0 56 1 248.449 212.959 0.916608 0.399786 -0.230739 -0.973016 1 100110101011000110001110 001111000100011101110001 3 0 1 1 0 0 0 1 1 0 0 0 0 0 1 1 0 0 0 0 14 1 16 1 16 1 16 1 16 1 16 
0 57 1 248.24 220.92 0.998717 0.0506412 -0.867457 0.497512 1 100110101011000110001110 001111000100011101110001 3 0 1 1 0 0 0 1 1 0 0 0 0 0 1 1 0 0 0 1 16 1 16 1 16 1 16 1 16 1 16 
0 58 1 247.54 227.18 0.190026 -0.981779 -0.655406 -0.755277 1 100110101011000110001110 001111000100011101110001 3 0 1 1 0 0 0 1 1 0 0 0 0 0 1 1 0 0 0 1 16 1 16 1 16 1 16 1 16 
0 59 1 248.02 234.16 -0.49757 -0.867424 0.991914 0.126912 1 100110101011000110001110 001111000100011101110001 3 0 1 1 0 0 0 1 1 0 0 0 0 0 1 1 0 0 0 1 16 1 16 1 16 1 16 1 16 1 16 
0 60 1 248.449 241 0.949914 -0.312511 -0.11141 0.993775 1 100110101011000110001110 001111000100011101110001 3 0 1 1 0 0 0 1 1 0 0 0 0 0 1 1 0 0 0 1 16 1 16 1 16 1 16 1 16 1 16 
0 61 1 247.54 248.22 -0.998532 -0.0541586 -0.232488 0.972599 1 100110101011000110001110 001111000100011101110001 3 0 1 1 0 0 0 1 1 0 0 0 0 0 1 1 0 0 0 1 16 1 16 1 16 1 16 1 16 
0 62 1 248.204 254.776 -0.0641646 0.997939 0.675898 0.736996 1 100110101011000110001110 001111000100011101110001 3 0 1 1 0 0 0 1 1 0 0 0 0 0 1 1 0 0 0 1 16 1 16 1 16 1 16 1 16 1 16 
0 63 1 247.857 261.571 0.990556 -0.137108 0.943904 -0.33022 1 100110101011000110001110 001111000100011101110001 3 0 1 1 0 0 0 1 1 0 0 0 0 0 1 1 0 0 0 1 16 1 16 1 16 1 16 1 16 1 16 1 16 
0 64 1 247.88 268.8 0.994629 0.103501 0.959713 0.280981 1 100110101011000110001110 001111000100011101110001 3 0 1 1 0 0 0 1 1 0 0 0 0 0 1 1 0 0 0 1 16 1 16 1 16 1 16 1 16 
0 65 1 248.62 276.06 -0.530627 0.847605 0.254493 0.967075 1 100110101011000110001110 001111000100011101110001 3 0 1 1 0 0 0 1 1 0 0 0 0 0 1 1 0 0 0 1 16 1 16 1 16 1 16 1 16 1 16 1 16 1 16 
0 66 1 248.588 283.667 0.0207727 -0.999784 0.177331 -0.984151 1 100110101011000110001110 001111000100011101110001 3 0 1 1 0 0 0 1 1 0 0 0 0 0 1 1 0 0 0 0 14 1 16 1 16 1 16 
0 67 1 254.646 212.688 -0.257358 0.966316 -0.570066 -0.821599 1 100110101011000110001110 001111000100011101110001 3 0 1 1 0 0 0 1 1 0 0 0 0 0 1 1 0 0 0 0 14 1 16 1 16 1 16 
0 68 1 255.531 219.857 -0.512138 0.858903 0.808284 -0.588793 1 100110101011000110001110 001111000100011101110001 3 0 1 1 0 0 0 1 1 0 0 0 0 0 1 1 0 0 0 1 16 1 16 1 16 1 16 1 16 1 16 1 16 
0 69 1 254.76 227.26 0.778812 0.627257 -0.61875 -0.785588 1 100110101011000110001110 001111000100011101110001 3 0 1 1 0 0 0 1 1 0 0 0 0 0 1 1 0 0 0 1 16 1 16 1 16 1 16 1 16 1 16 
0 70 1 255.115 234.308 -0.0216668 -0.999765 -0.304728 -0.952439 1 100110101011000110001110 001111000100011101110001 3 0 1 1 0 0 0 1 1 0 0 0 0 0 1 1 0 0 0 1 16 1 16 1 16 1 16 1 16 1 16 1 16 
0 71 1 254.94 242.44 -0.980642 0.195811 -0.248514 0.968628 1 100110101011000110001110 001111000100011101110001 3 0 1 1 0 0 0 1 1 0 0 0 0 0 1 1 0 0 0 1 16 1 16 1 16 1 16 1 16 1 16 
0 72 1 254.88 249.14 0.613629 -0.789594 -0.896963 -0.442105 1 100110101011000110001110 001111000100011101110001 3 0 1 1 0 0 0 1 1 0 0 0 0 0 1 1 0 0 0 1 16 1 16 1 16 1 16 1 16 1 16 
0 73 1 256.275 255.216 0.866302 0.49952 0.97319 -0.230002 1 100110101011000110001110 001111000100011101110001 3 0 1 1 0 0 0 1 1 0 0 0 0 0 1 1 0 0 0 1 16 1 16 1 16 1 16 1 16 1 16 
0 74 1 254.84 262.28 0.141174 -0.989985 -0.5547 0.83205 1 100110101011000110001110 001111000100011101110001 3 0 1 1 0 0 0 1 1 0 0 0 0 0 1 1 0 0 0 1 16 1 16 1 16 1 16 1 16 1 16 
0 75 1 254.878 268.959 -0.129998 0.991514 -0.674919 0.737892 1 100110101011000110001110 001111000100011101110001 3 0 1 1 0 0 0 1 1 0 0 0 0 0 1 1 0 0 0 1 16 1 16 1 16 1 16 1 16 1 16 
0 76 1 255.375 275.75 -0.0475307 0.99887 0.124035 0.992278 1 100110101011000110001110 001111000100011101110001 3 0 1 1 0 0 0 1 1 0 0 0 0 0 1 1 0 0 0 0 14 1 16 1 16 1 16 1 16 1 16 
0 77 1 254.979 282.979 -0.695432 0.718592 0.664274 -0.747489 1 100110101011000110001110 001111000100011101110001 3 0 1 1 0 0 0 1 1 0 0 0 0 0 1 1 0 0 0 0 14 1 16 1 16 1 16 1 16 
0 78 1 261.958 213.896 -0.694697 0.719303 0.717458 -0.696602 1 100110101011000110001110 001111000100011101110001 3 0 1 1 0 0 0 1 1 0 0 0 0 0 1 1 0 0 0 0 14 1 16 1 16 1 16 1 16 1 16 
0 79 1 262.3 219.9 -0.793162 0.609011 0.157371 -0.98754 1 100110101011000110001110 001111000100011101110001 3 0 1 1 0 0 0 1 1 0 0 0 0 0 1 1 0 0 0 1 16 1 16 1 16 1 16 1 16 
0 80 1 262 227.02 -0.843471 0.537175 -0.411711 -0.911315 1 100110101011000110001110 001111000100011101110001 3 0 1 1 0 0 0 1 1 0 0 0 0 0 1 1 0 0 0 1 16 1 16 1 16 1 16 1 16 1 16 1 16 
0 81 1 262.74 233.42 -0.881689 -0.47183 -0.0874628 -0.996168 1 100110101011000110001110 001111000100011101110001 3 0 1 1 0 0 0 1 1 0 0 0 0 0 1 1 0 0 0 1 16 1 16 1 16 1 16 1 16 
0 82 1 262.346 240.288 -0.513513 0.858082 0.979971 -0.199139 1 100110101011000110001110 001111000100011101110001 3 0 1 1 0 0 0 1 1 0 0 0 0 0 1 1 0 0 0 1 16 1 16 1 16 1 16 1 16 1 16 
0 83 1 262.434 246.83 0.0433627 -0.999059 -0.662608 0.748967 1 100110101011000110001110 001111000100011101110001 3 0 1 1 0 0 0 1 1 0 0 0 0 0 1 1 0 0 0 1 16 1 16 1 16 1 16 1 16 1 16 1 16 
0 84 1 263 254.878 -0.828212 0.560415 -0.0280264 0.999607 1 100110101011000110001110 001111000100011101110001 3 0 1 1 0 0 0 1 1 0 0 0 0 0 1 1 0 0 0 1 16 1 16 1 16 1 16 1 16 1 16 
0 85 1 261.98 262.28 0.538875 0.842386 0.947216 -0.320596 1 100110101011000110001110 001111000100011101110001 3 0 1 1 0 0 0 1 1 0 0 0 0 0 1 1 0 0 0 1 16 1 16 1 16 1 16 1 16 1 16 1 16 
0 86 1 261.583 269.104 -0.353006 -0.935621 0.998864 0.0476595 1 100110101011000110001110 001111000100011101110001 3 0 1 1 0 0 0 1 1 0 0 0 0 0 1 1 0 0 0 1 16 1 16 1 16 1 16 1 16 1 16 
0 87 1 262.68 275.94 0.690404 -0.723424 -0.79846 0.602048 1 100110101011000110001110 001111000100011101110001 3 0 1 1 0 0 0 1 1 0 0 0 0 0 1 1 0 0 0 0 14 1 16 1 16 1 16 1 16 1 16 
0 88 1 261.489 283.702 -0.587575 -0.80917 -0.939298 0.343101 1 100110101011000110001110 001111000100011101110001 3 0 1 1 0 0 0 1 1 0 0 0 0 0 1 1 0 0 0 0 14 1 16 1 16 1 16 1 16 
0 89 1 269.019 211.808 -0.924525 0.381122 0.878875 -0.477051 1 100110101011000110001110 001111000100011101110001 3 0 1 1 0 0 0 1 1 0 0 0 0 0 1 1 0 0 0 0 14 1 16 1 16 1 16 1 16 
0 90 1 269.347 220.163 0.948549 -0.31663 -0.94023 0.340539 1 100110101011000110001110 001111000100011101110001 3 0 1 1 0 0 0 1 1 0 0 0 0 0 1 1 0 0 0 0 14 1 16 1 16 1 16 1 16 1 16 1 16 
0 91 1 269.51 226.941 0.792634 -0.609698 0.264858 0.964288 1 100110101011000110001110 001111000100011101110001 3 0 1 1 0 0 0 1 1 0 0 0 0 0 1 1 0 0 0 0 14 1 16 1 16 1 16 1 16 
0 92 1 269.24 234.72 0.76292 0.646493 0.0876443 0.996152 1 100110101011000110001110 001111000100011101110001 3 0 1 1 0 0 0 1 1 0 0 0 0 0 1 1 0 0 0 0 14 1 16 1 16 1 16 1 16 
0 93 1 269.9 241.28 -0.992721 -0.120433 -0.707107 0.707107 1 100110101011000110001110 001111000100011101110001 3 0 1 1 0 0 0 1 1 0 0 0 0 0 1 1 0 0 0 0 14 1 16 1 16 1 16 1 16 
0 94 1 270.102 248.388 0.955494 0.295012 -0.967075 -0.254493 1 100110101011000110001110 001111000100011101110001 3 0 1 1 0 0 0 1 1 0 0 0 0 0 1 1 0 0 0 0 14 1 16 1 16 1 16 
0 95 1 269.14 255 -0.999998 -0.00212609 -0.562728 -0.826642 1 100110101011000110001110 001111000100011101110001 3 0 1 1 0 0 0 1 1 0 0 0 0 0 1 1 0 0 0 0 14 1 16 1 16 1 16 1 16 
0 96 1 269.5 261.827 0.29024 -0.956954 -0.98387 -0.178885 1 100110101011000110001110 001111000100011101110001 3 0 1 1 0 0 0 1 1 0 0 0 0 0 1 1 0 0 0 0 14 1 16 1 16 1 16 1 16 
0 97 1 268.981 268.788 0.452132 0.891951 0.996112 0.0880916 1 100110101011000110001110 001111000100011101110001 3 0 1 1 0 0 0 1 1 0 0 0 0 0 1 1 0 0 0 0 14 1 16 1 16 1 16 1 16 1 16 
0 98 1 269.064 276.426 0.496128 0.868249 -0.923006 -0.384786 1 100110101011000110001110 001111000100011101110001 3 0 1 1 0 0 0 1 1 0 0 0 0 0 1 1 0 0 0 0 14 1 16 1 16 1 16 1 16 
0 99 1 268.878 282.469 0.992083 -0.125581 0.227726 -0.973725 1 100110101011000110001110 001111000100011101110001 3 0 1 1 0 0 0 1 1 0 0 0 0 0 1 1 0 0 0 0 14 1 16 1 16 
0 100 1 275.196 213.51 -0.914475 0.404642 -0.510066 0.860135 1 100110101011000110001110 001111000100011101110001 3 0 1 1 0 0 0 1 1 0 0 0 0 0 1 1 0 0 0 0 14 1 16 1 16 
1000 1 1 223.786 228.452 -0.917969 0.396653 0.236935 -0.971525 0 100110101011000110001110 001111000100011101110001 3 0 1 1 0 0 0 1 1 0 0 0 0 0 1 1 0 0 0 0 14 1 16 1 16 1 16 1 16 1 16 
1000 2 1 213.929 220.071 0.95397 0.299901 -0.662415 0.749137 0 100110101011000110001110 001111000100011101110001 3 0 1 1 0 0 0 1 1 0 0 0 0 0 1 1 0 0 0 0 14 1 16 1 16 1 16 
1000 3 1 217.463 231.61 -0.542127 0.840297 0.705863 -0.708348 0 100110101011000110001110 001111000100011101110001 3 0 1 1 0 0 0 1 1 0 0 0 0 0 1 1 0 0 0 0 14 1 16 1 16 1 16 1 16 1 16 1 16 
1000 5 1 201.896 222.125 -0.456727 -0.889607 -0.97844 -0.206531 0 100110101011000110001110 001111000100011101110001 3 0 1 1 0 0 0 1 1 0 0 0 0 0 1 1 0 0 0 0 14 1 16 1 16 
1000 6 1 200.143 229.408 0.284638 -0.958635 -0.995398 0.0958302 0 100110101011000110001110 001111000100011101110001 3 0 1 1 0 0 0 1 1 0 0 0 0 0 1 1 0 0 0 0 14 1 16 1 16 1 16 1 16 
1000 7 1 207.889 251.756 -0.875716 -0.482827 0.969306 0.245859 0 100110101011000110001110 001111000100011101110001 3 0 1 1 0 0 0 1 1 0 0 0 0 0 1 1 0 0 0 0 14 1 16 1 16 1 16 1 16 1 16 
1000 8 1 205.604 278.396 0.720921 0.693018 -0.19512 -0.980779 0 100110101011000110001110 001111000100011101110001 3 0 1 1 0 0 0 1 1 0 0 0 0 0 1 1 0 0 0 0 14 1 16 1 16 1 16 1 16 
1000 9 1 209.217 270.957 -0.142955 0.989729 0.702613 0.711572 0 100110101011000110001110 001111000100011101110001 3 0 1 1 0 0 0 1 1 0 0 0 0 0 1 1 0 0 0 0 14 1 16 1 16 1 16 1 16 1 16 1 16 1 16 1 16 1 16 
1000 10 1 207.234 288.766 0.43515 -0.900358 -0.847788 -0.530335 0 100110101011000110001110 001111000100011101110001 3 0 1 1 0 0 0 1 1 0 0 0 0 0 1 1 0 0 0 0 14 1 16 1 16 
1000 11 1 209.651 284.651 -0.428853 0.903374 0.962309 0.271957 0 100110101011000110001110 001111000100011101110001 3 0 1 1 0 0 0 1 1 0 0 0 0 0 1 1 0 0 0 0 14 1 16 1 16 1 16 
1000 13 1 221.714 236.167 -0.390106 0.92077 -0.527068 0.849823 0 100110101011000110001110 001111000100011101110001 3 0 1 1 0 0 0 1 1 0 0 0 0 0 1 1 0 0 0 0 14 1 16 1 16 1 16 1 16 1 16 
1000 14 1 228.488 223.744 -0.337226 0.941424 -0.400126 0.91646 0 100110101011000110001110 001111000100011101110001 3 0 1 1 0 0 0 1 1 0 0 0 0 0 1 1 0 0 0 0 14 1 16 1 16 1 16 1 16 1 16 
1000 15 1 207.104 222.646 -0.463299 -0.886202 -0.702943 0.711246 0 100110101011000110001110 001111000100011101110001 3 0 1 1 0 0 0 1 1 0 0 0 0 0 1 1 0 0 0 0 14 1 16 1 16 1 16 1 16 1 16 
1000 16 1 228.103 234.564 0.0854826 -0.99634 -0.926444 0.376433 0 100110101011000110001110 001111000100011101110001 3 0 1 1 0 0 0 1 1 0 0 0 0 0 1 1 0 0 0 0 14 1 16 1 16 1 16 1 16 1 16 1 16 
1000 17 1 215.452 241.262 -0.902127 0.43147 0.99149 0.130182 0 100110101011000110001110 001111000100011101110001 3 0 1 1 0 0 0 1 1 0 0 0 0 0 1 1 0 0 0 0 14 1 16 1 16 1 16 1 16 1 16 1 16 
1000 19 1 204.511 260.8 0.894031 0.448005 0.617564 0.78652 0 100110101011000110001110 001111000100011101110001 3 0 1 1 0 0 0 1 1 0 0 0 0 0 1 1 0 0 0 0 14 1 16 1 16 1 16 1 16 
1000 20 1 220.951 261.415 -0.722441 -0.691433 0.954578 -0.297961 0 100110101011000110001110 001111000100011101110001 3 0 1 1 0 0 0 1 1 0 0 0 0 0 1 1 0 0 0 0 14 1 16 1 16 1 16 1 16 1 16 1 16 1 16 
1000 23 1 221.755 209.653 -0.294769 0.955569 0.913658 0.406484 0 100110101011000110001110 001111000100011101110001 3 0 1 1 0 0 0 1 1 0 0 0 0 0 1 1 0 0 0 0 14 1 16 1 16 1 16 1 16 1 16 
1000 26 1 206.082 231.633 -0.895442 -0.445178 -0.850743 -0.525582 0 100110101011000110001110 001111000100011101110001 3 0 1 1 0 0 0 1 1 0 0 0 0 0 1 1 0 0 0 0 14 1 16 1 16 1 16 1 16 1 16 1 16 
1000 27 1 227.359 247.026 0.691868 -0.722024 -0.999275 -0.0380786 0 100110101011000110001110 001111000100011101110001 3 0 1 1 0 0 0 1 1 0 0 0 0 0 1 1 0 0 0 0 14 1 16 1 16 1 16 1 16 
1000 29 1 200.6 238.067 0.514604 -0.857428 0.678504 0.734597 0 100110101011000110001110 001111000100011101110001 3 0 1 1 0 0 0 1 1 0 0 0 0 0 1 1 0 0 0 0 14 1 16 1 16 1 16 1 16 
1000 31 1 224.341 268.488 -0.906256 -0.42273 0.145351 0.98938 0 100110101011000110001110 001111000100011101110001 3 0 1 1 0 0 0 1 1 0 0 0 0 0 1 1 0 0 0 0 14 1 16 1 16 1 16 1 16 1 16 1 16 1 16 1 16 1 16 
1000 32 1 239.275 264.875 -0.983779 -0.179383 0.242536 -0.970143 0 100110101011000110001110 001111000100011101110001 3 0 1 1 0 0 0 1 1 0 0 0 0 0 1 1 0 0 0 0 14 1 16 1 16 1 16 1 16 1 16 1 16 1 16 1 16 1 16 
1000 34 1 228.935 208.435 -0.98839 0.151938 0.720889 0.69305 0 100110101011000110001110 001111000100011101110001 3 0 1 1 0 0 0 1 1 0 0 0 0 0 1 1 0 0 0 0 14 1 16 1 16 1 16 1 16 
1000 35 1 220.692 244.128 -0.596289 0.80277 -0.999992 -0.00403921 0 100110101011000110001110 001111000100011101110001 3 0 1 1 0 0 0 1 1 0 0 0 0 0 1 1 0 0 0 0 14 1 16 1 16 1 16 1 16 1 16 
1000 36 1 246.556 233.167 -0.401747 0.915751 -0.974218 0.225608 0 100110101011000110001110 001111000100011101110001 3 0 1 1 0 0 0 1 1 0 0 0 0 0 1 1 0 0 0 0 14 1 16 1 16 1 16 1 16 1 16 1 16 1 16 1 16 1 16 
1000 37 1 252.282 246.974 -0.317281 -0.948331 0.92901 0.370054 0 100110101011000110001110 001111000100011101110001 3 0 1 1 0 0 0 1 1 0 0 0 0 0 1 1 0 0 0 0 14 1 16 1 16 1 16 1 16 1 16 1 16 
1000 38 1 250.795 252.641 0.633554 -0.773699 -0.958779 -0.284152 0 100110101011000110001110 001111000100011101110001 3 0 1 1 0 0 0 1 1 0 0 0 0 0 1 1 0 0 0 0 14 1 16 1 16 1 16 1 16 1 16 1 16 1 16 1 16 1 16 
1000 40 1 224.125 255.675 0.624695 -0.780869 -0.77692 -0.6296 0 100110101011000110001110 001111000100011101110001 3 0 1 1 0 0 0 1 1 0 0 0 0 0 1 1 0 0 0 0 14 1 16 1 16 1 16 1 16 1 16 1 16 1 16 1 16 
1000 41 1 249.436 269.795 0.347741 0.937591 0.924297 -0.381675 0 100110101011000110001110 001111000100011101110001 3 0 1 1 0 0 0 1 1 0 0 0 0 0 1 1 0 0 0 0 14 1 16 1 16 1 16 1 16 1 16 
1000 42 1 218.349 271.279 0.944331 -0.328998 0.0460625 0.998939 0 100110101011000110001110 001111000100011101110001 3 0 1 1 0 0 0 1 1 0 0 0 0 0 1 1 0 0 0 0 14 1 16 1 16 1 16 1 16 1 16 
1000 44 1 215.111 289.644 -0.104662 0.994508 -0.929961 -0.367659 0 100110101011000110001110 001111000100011101110001 3 0 1 1 0 0 0 1 1 0 0 0 0 0 1 1 0 0 0 0 14 1 16 1 16 
1000 45 1 238.095 214.595 0.435986 -0.899954 -0.823876 0.566771 0 100110101011000110001110 001111000100011101110001 3 0 1 1 0 0 0 1 1 0 0 0 0 0 1 1 0 0 0 0 14 1 16 1 16 1 16 1 16 1 16 1 16 1 16 1 16 
1000 47 1 235.103 234.538 0.990841 0.135035 0.496885 -0.867817 0 100110101011000110001110 001111000100011101110001 3 0 1 1 0 0 0 1 1 0 0 0 0 0 1 1 0 0 0 0 14 1 16 1 16 1 16 1 16 1 16 1 16 1 16 1 16 
1000 48 1 261.976 247.78 0.994144 -0.108059 -0.858089 0.513502 0 100110101011000110001110 001111000100011101110001 3 0 1 1 0 0 0 1 1 0 0 0 0 0 1 1 0 0 0 0 14 1 16 1 16 1 16 1 16 1 16 1 16 1 16 1 16 
1000 49 1 244.846 246.667 0.000913242 -1 0.843623 -0.536936 0 100110101011000110001110 001111000100011101110001 3 0 1 1 0 0 0 1 1 0 0 0 0 0 1 1 0 0 0 0 14 1 16 1 16 1 16 1 16 1 16 1 16 1 16 1 16 1 16 1 16 
1000 50 1 231.795 242.333 0.95933 -0.282286 -0.734924 0.678149 0 100110101011000110001110 001111000100011101110001 3 0 1 1 0 0 0 1 1 0 0 0 0 0 1 1 0 0 0 0 14 1 16 1 16 1 16 1 16 1 16 1 16 
1000 51 1 210.186 260.349 -0.962232 0.272232 -0.992734 0.120331 0 100110101011000110001110 001111000100011101110001 3 0 1 1 0 0 0 1 1 0 0 0 0 0 1 1 0 0 0 0 14 1 16 1 16 1 16 1 16 1 16 1 16 1 16 1 16 1 16 
1000 52 1 245.025 262.875 0.841178 0.540758 -0.864742 -0.502216 0 100110101011000110001110 001111000100011101110001 3 0 1 1 0 0 0 1 1 0 0 0 0 0 1 1 0 0 0 1 16 1 16 1 16 1 16 1 16 1 16 1 16 1 16 1 16 
1000 53 1 227.342 278 -0.998498 -0.0547843 -0.565399 0.824817 0 100110101011000110001110 001111000100011101110001 3 0 1 1 0 0 0 1 1 0 0 0 0 0 1 1 0 0 0 0 14 1 16 1 16 1 16 1 16 1 16 1 16 1 16 
1000 55 1 260.98 286.102 0.992628 0.121201 -0.723592 0.690228 0 100110101011000110001110 001111000100011101110001 3 0 1 1 0 0 0 1 1 0 0 0 0 0 1 1 0 0 0 0 14 1 16 
1000 56 1 247.472 227.111 -0.796651 0.604439 0.5814 -0.813618 0 100110101011000110001110 001111000100011101110001 3 0 1 1 0 0 0 1 1 0 0 0 0 0 1 1 0 0 0 0 14 1 16 1 16 1 16 1 16 
1000 57 1 241.977 220.512 -0.963071 -0.269246 -0.83205 0.5547 0 100110101011000110001110 001111000100011101110001 3 0 1 1 0 0 0 1 1 0 0 0 0 0 1 1 0 0 0 0 14 1 16 1 16 1 16 1 16 1 16 
1000 58 1 252.056 233.5 0.33051 0.943803 -0.9761 -0.217324 0 100110101011000110001110 001111000100011101110001 3 0 1 1 0 0 0 1 1 0 0 0 0 0 1 1 0 0 0 0 14 1 16 1 16 1 16 1 16 1 16 
1000 60 1 269.578 249.644 0.776069 0.630648 -0.606349 0.795199 0 100110101011000110001110 001111000100011101110001 3 0 1 1 0 0 0 1 1 0 0 0 0 0 1 1 0 0 0 0 14 1 16 1 16 1 16 1 16 1 16 1 16 1 16 
1000 61 1 234.282 258.923 0.0888285 0.996047 -0.773278 0.634067 0 100110101011000110001110 001111000100011101110001 3 0 1 1 0 0 0 1 1 0 0 0 0 0 1 1 0 0 0 0 14 1 16 1 16 1 16 1 16 1 16 1 16 1 16 
1000 62 1 227.553 259.263 -0.0586833 0.998277 0.914047 0.405608 0 100110101011000110001110 001111000100011101110001 3 0 1 1 0 0 0 1 1 0 0 0 0 0 1 1 0 0 0 0 14 1 16 1 16 1 16 1 16 1 16 
1000 63 1 243.263 253.053 -0.0144413 0.999896 -0.164002 0.98646 0 100110101011000110001110 001111000100011101110001 3 0 1 1 0 0 0 1 1 0 0 0 0 0 1 1 0 0 0 0 14 1 16 1 16 1 16 1 16 1 16 1 16 1 16 1 16 
1000 64 1 242.364 287.386 0.56642 0.824117 0.978619 0.20568 0 100110101011000110001110 001111000100011101110001 3 0 1 1 0 0 0 1 1 0 0 0 0 0 1 1 0 0 0 0 14 1 16 1 16 1 16 
1000 66 1 263.574 279.872 -0.780952 -0.62459 -0.886914 -0.461934 0 100110101011000110001110 001111000100011101110001 3 0 1 1 0 0 0 1 1 0 0 0 0 0 1 1 0 0 0 0 14 1 16 1 16 1 16 
1000 67 1 241.812 207.312 -0.43749 0.899223 -0.986183 0.165658 0 100110101011000110001110 001111000100011101110001 3 0 1 1 0 0 0 1 1 0 0 0 0 0 1 1 0 0 0 0 14 1 16 1 16 1 16 1 16 1 16 
1000 71 1 235.784 246.486 -0.942365 0.334588 0.917715 0.39724 0 100110101011000110001110 001111000100011101110001 3 0 1 1 0 0 0 1 1 0 0 0 0 0 1 1 0 0 0 0 14 1 16 1 16 1 16 1 16 1 16 1 16 1 16 
1000 72 1 265.333 254.422 0.996589 0.0825201 -0.999561 0.0296166 0 100110101011000110001110 001111000100011101110001 3 0 1 1 0 0 0 1 1 0 0 0 0 0 1 1 0 0 0 0 14 1 16 1 16 1 16 1 16 1 16 1 16 1 16 
1000 74 1 246.75 256.85 0.0234627 -0.999725 -0.945078 0.326844 0 100110101011000110001110 001111000100011101110001 3 0 1 1 0 0 0 1 1 0 0 0 0 0 1 1 0 0 0 1 16 1 16 1 16 1 16 1 16 1 16 1 16 
1000 75 1 243.05 270.7 0.388381 0.921499 0.825187 -0.56486 0 100110101011000110001110 001111000100011101110001 3 0 1 1 0 0 0 1 1 0 0 0 0 0 1 1 0 0 0 0 14 1 16 1 16 1 16 1 16 1 16 1 16 
1000 76 1 237.667 274.538 -0.970712 -0.240245 0.0610713 -0.998133 0 100110101011000110001110 001111000100011101110001 3 0 1 1 0 0 0 1 1 0 0 0 0 0 1 1 0 0 0 0 14 1 16 1 16 1 16 1 16 1 16 1 16 1 16 1 16 
1000 77 1 251.244 264.244 -0.867017 -0.498279 -0.382352 -0.924017 0 100110101011000110001110 001111000100011101110001 3 0 1 1 0 0 0 1 1 0 0 0 0 0 1 1 0 0 0 0 14 1 16 1 16 1 16 1 16 1 16 1 16 
1000 79 1 259.674 215.652 0.99249 -0.122329 -0.940506 -0.339778 0 100110101011000110001110 001111000100011101110001 3 0 1 1 0 0 0 1 1 0 0 0 0 0 1 1 0 0 0 0 14 1 16 1 16 
1000 81 1 281.292 244.396 0.176588 0.984285 0.885674 0.464308 0 100110101011000110001110 001111000100011101110001 3 0 1 1 0 0 0 1 1 0 0 0 0 0 1 1 0 0 0 0 14 1 16 1 16 1 16 1 16 
1000 82 1 264.533 236.044 0.260424 -0.965494 0.830595 -0.556876 0 100110101011000110001110 001111000100011101110001 3 0 1 1 0 0 0 1 1 0 0 0 0 0 1 1 0 0 0 0 14 1 16 1 16 1 16 1 16 1 16 1 16 1 16 1 16 1 16 
1000 83 1 276.367 248.796 0.673863 0.738856 -0.74556 -0.666438 0 100110101011000110001110 001111000100011101110001 3 0 1 1 0 0 0 1 1 0 0 0 0 0 1 1 0 0 0 0 14 1 16 1 16 1 16 1 16 1 16 1 16 
1000 86 1 238.651 283.186 -0.753528 0.657416 0.792372 -0.610038 0 100110101011000110001110 001111000100011101110001 3 0 1 1 0 0 0 1 1 0 0 0 0 0 1 1 0 0 0 0 14 1 16 1 16 1 16 1 16 1 16 1 16 1 16 
1000 90 1 271.204 219.571 0.427415 -0.904055 -0.894427 0.447214 0 100110101011000110001110 001111000100011101110001 3 0 1 1 0 0 0 1 1 0 0 0 0 0 1 1 0 0 0 0 14 1 16 1 16 
1000 91 1 272.239 235.935 -0.739946 -0.672667 0.0778877 -0.996962 0 100110101011000110001110 001111000100011101110001 3 0 1 1 0 0 0 1 1 0 0 0 0 0 1 1 0 0 0 0 14 1 16 1 16 1 16 1 16 1 16 1 16 
1000 92 1 284.776 236.122 0.122155 0.992511 0.993441 -0.114342 0 100110101011000110001110 001111000100011101110001 3 0 1 1 0 0 0 1 1 0 0 0 0 0 1 1 0 0 0 0 14 1 16 
1000 93 1 271.25 258.812 0.643989 0.765035 -0.984957 0.172799 0 100110101011000110001110 001111000100011101110001 3 0 1 1 0 0 0 1 1 0 0 0 0 0 1 1 0 0 0 0 14 1 16 1 16 1 16 1 16 
1000 94 1 263.711 265.556 -0.932798 0.360399 0.679598 -0.733585 0 100110101011000110001110 001111000100011101110001 3 0 1 1 0 0 0 1 1 0 0 0 0 0 1 1 0 0 0 0 14 1 16 1 16 1 16 1 16 
1000 95 1 253.625 259.775 0.228778 0.973479 0.880099 0.47479 0 100110101011000110001110 001111000100011101110001 3 0 1 1 0 0 0 1 1 0 0 0 0 0 1 1 0 0 0 0 14 1 16 1 16 1 16 1 16 1 16 1 16 1 16 
1000 97 1 261.698 261.907 -0.598309 0.801265 0.895994 -0.444067 0 100110101011000110001110 001111000100011101110001 3 0 1 1 0 0 0 1 1 0 0 0 0 0 1 1 0 0 0 0 14 1 16 1 16 1 16 1 16 1 16 1 16 
1000 98 1 264.333 272.067 -0.689709 0.724087 0.397223 -0.917722 0 100110101011000110001110 001111000100011101110001 3 0 1 1 0 0 0 1 1 0 0 0 0 0 1 1 0 0 0 0 14 1 16 1 16 1 16 
1000 99 1 269.771 274.625 -0.682604 -0.730788 -0.956264 -0.292504 0 100110101011000110001110 001111000100011101110001 3 0 1 1 0 0 0 1 1 0 0 0 0 0 1 1 0 0 0 0 14 1 16 1 16 
1000 100 1 258.977 224.818 -0.975707 0.21908 -0.663242 -0.748405 0 100110101011000110001110 001111000100011101110001 3 0 1 1 0 0 0 1 1 0 0 0 0 0 1 1 0 0 0 0 14 1 16 1 16 1 16 
1000 101 1 205.289 243.533 0.663859 0.747858 0.678504 0.734597 0 100110101011000110001110 001111000100011101110001 3 0 1 1 0 0 0 1 1 0 0 0 0 0 1 1 0 0 0 0 14 1 16 1 16 1 16 1 16 1 16 
1000 102 1 203.023 254.864 0.796364 0.604818 0.969306 0.245859 0 100110101011000110001110 001111000100011101110001 3 0 1 1 0 0 0 1 1 0 0 0 0 0 1 1 0 0 0 0 14 1 16 1 16 1 16 1 16 
1000 107 1 214.439 261.61 -0.966155 0.257964 -0.992734 0.120331 0 100110101011000110001110 001111000100011101110001 3 0 1 1 0 0 0 1 1 0 0 0 0 0 1 1 0 0 0 0 14 1 16 1 16 1 16 1 16 1 16 1 16 
1000 109 1 213.976 254.024 0.609999 0.792402 -0.996546 -0.0830455 0 100110101011000110001110 001111000100011101110001 3 0 1 1 0 0 0 1 1 0 0 0 0 0 1 1 0 0 0 0 14 1 16 1 16 1 16 1 16 
1000 110 1 216.333 266.571 0.99333 0.115309 0.954578 -0.297961 0 100110101011000110001110 001111000100011101110001 3 0 1 1 0 0 0 1 1 0 0 0 0 0 1 1 0 0 0 0 14 1 16 1 16 1 16 1 16 1 16 1 16 
1000 112 1 223.174 219.457 -0.117179 -0.993111 -0.995455 0.0952349 0 100110101011000110001110 001111000100011101110001 3 0 1 1 0 0 0 1 1 0 0 0 0 0 1 1 0 0 0 0 14 1 16 1 16 1 16 1 16 
1000 113 1 216.093 276.558 -0.627613 -0.778525 0.0460625 0.998939 0 100110101011000110001110 001111000100011101110001 3 0 1 1 0 0 0 1 1 0 0 0 0 0 1 1 0 0 0 0 14 1 16 1 16 1 16 1 16 
1000 118 1 235.489 290.333 0.718427 0.695603 -0.565399 0.824817 0 100110101011000110001110 001111000100011101110001 3 0 1 1 0 0 0 1 1 0 0 0 0 0 1 1 0 0 0 0 14 1 16 1 16 1 16 1 16 1 16 
1000 120 1 235.458 209.521 -0.875203 0.483755 0.720889 0.69305 0 100110101011000110001110 001111000100011101110001 3 0 1 1 0 0 0 1 1 0 0 0 0 0 1 1 0 0 0 0 14 1 16 1 16 1 16 1 16 1 16 1 16 
1000 122 1 236.316 268.737 0.984285 0.176585 0.242536 -0.970143 0 100110101011000110001110 001111000100011101110001 3 0 1 1 0 0 0 1 1 0 0 0 0 0 1 1 0 0 0 0 14 1 16 1 16 1 16 1 16 1 16 
1000 124 1 239.162 250.541 0.204699 0.978825 0.917715 0.39724 0 100110101011000110001110 001111000100011101110001 3 0 1 1 0 0 0 1 1 0 0 0 0 0 1 1 0 0 0 0 14 1 16 1 16 1 16 1 16 1 16 1 16 
1000 125 1 237.333 240.972 -0.943251 -0.332082 0.496885 -0.867817 0 100110101011000110001110 001111000100011101110001 3 0 1 1 0 0 0 1 1 0 0 0 0 0 1 1 0 0 0 0 14 1 16 1 16 1 16 1 16 1 16 1 16 1 16 1 16 
1000 126 1 238.649 257.351 0.773238 0.634115 -0.164002 0.98646 0 100110101011000110001110 001111000100011101110001 3 0 1 1 0 0 0 1 1 0 0 0 0 0 1 1 0 0 0 0 14 1 16 1 16 1 16 1 16 1 16 1 16 1 16 
1000 128 1 248.413 285.522 0.0345282 0.999404 0.978619 0.20568 0 100110101011000110001110 001111000100011101110001 3 0 1 1 0 0 0 1 1 0 0 0 0 0 1 1 0 0 0 0 14 1 16 1 16 
1000 130 1 245.488 214.907 -0.999591 0.0285837 0.808031 0.58914 0 100110101011000110001110 001111000100011101110001 3 0 1 1 0 0 0 1 1 0 0 0 0 0 1 1 0 0 0 0 14 1 16 1 16 1 16 1 16 
1000 133 1 257.128 243.949 0.776613 0.629978 0.92901 0.370054 0 100110101011000110001110 001111000100011101110001 3 0 1 1 0 0 0 1 1 0 0 0 0 0 1 1 0 0 0 0 14 1 16 1 16 1 16 1 16 1 16 1 16 
1000 134 1 258.791 257.698 -0.0413484 -0.999145 0.880099 0.47479 0 100110101011000110001110 001111000100011101110001 3 0 1 1 0 0 0 1 1 0 0 0 0 0 1 1 0 0 0 0 14 1 16 1 16 1 16 1 16 1 16 1 16 
1000 135 1 253.196 277.543 0.993102 0.117257 -0.585116 0.81095 0 100110101011000110001110 001111000100011101110001 3 0 1 1 0 0 0 1 1 0 0 0 0 0 1 1 0 0 0 0 14 1 16 1 16 
1000 136 1 263.814 222.837 -0.580059 0.814575 -0.663242 -0.748405 0 100110101011000110001110 001111000100011101110001 3 0 1 1 0 0 0 1 1 0 0 0 0 0 1 1 0 0 0 0 14 1 16 1 16 1 16 
1000 137 1 269.133 243 0.615821 0.787886 0.830595 -0.556876 0 100110101011000110001110 001111000100011101110001 3 0 1 1 0 0 0 1 1 0 0 0 0 0 1 1 0 0 0 1 16 1 16 1 16 1 16 1 16 1 16 1 16 
1000 138 1 275.809 241.511 0.843017 -0.537887 0.0778877 -0.996962 0 100110101011000110001110 001111000100011101110001 3 0 1 1 0 0 0 1 1 0 0 0 0 0 1 1 0 0 0 0 14 1 16 1 16 1 16 1 16 1 16 1 16 
1000 142 1 230.721 287.14 -0.747949 0.663757 -0.565399 0.824817 0 100110101011000110001110 001111000100011101110001 3 0 1 1 0 0 0 1 1 0 0 0 0 0 1 1 0 0 0 0 14 1 16 1 16 1 16 1 16 
1000 143 1 233.837 218.767 -0.908369 0.41817 -0.823876 0.566771 0 100110101011000110001110 001111000100011101110001 3 0 1 1 0 0 0 1 1 0 0 0 0 0 1 1 0 0 0 0 14 1 16 1 16 1 16 1 16 
1000 145 1 262.525 241 0.421138 -0.906997 0.830595 -0.556876 0 100110101011000110001110 001111000100011101110001 3 0 1 1 0 0 0 1 1 0 0 0 0 0 1 1 0 0 0 0 14 1 16 1 16 1 16 1 16 
1000 146 1 270.745 230.362 0.602939 0.797787 -0.5961 0.80291 0 100110101011000110001110 001111000100011101110001 3 0 1 1 0 0 0 1 1 0 0 0 0 0 1 1 0 0 0 0 14 1 16 1 16 
1000 148 1 242.865 240.919 0.905141 -0.425111 -0.974218 0.225608 0 100110101011000110001110 001111000100011101110001 3 0 1 1 0 0 0 1 1 0 0 0 0 0 1 1 0 0 0 0 14 1 16 1 16 1 16 1 16 1 16 
1000 149 1 231 281.154 -0.763813 -0.645437 -0.565399 0.824817 0 100110101011000110001110 001111000100011101110001 3 0 1 1 0 0 0 1 1 0 0 0 0 0 1 1 0 0 0 0 14 1 16 1 16 1 16 1 16 
1000 150 1 246.029 237.676 -0.0838508 -0.996478 -0.974218 0.225608 0 100110101011000110001110 001111000100011101110001 3 0 1 1 0 0 0 1 1 0 0 0 0 0 1 1 0 0 0 0 14 1 16 1 16 1 16 
