0 1 1 212.34 213.319 0.97938 -0.202025 -0.517877 -0.855455 1 100110101011000110001110 001111000100011101110001 3 0 1 1 0 0 0 1 1 0 0 0 0 0 1 1 0 0 0 0 14 1 16 1 16 
0 2 1 212.72 220.42 -0.652667 0.757645 -0.976255 0.216625 1 100110101011000110001110 001111000100011101110001 3 0 1 1 0 0 0 1 1 0 0 0 0 0 1 1 0 0 0 0 14 1 16 1 16 1 16 1 16 
0 3 1 213.449 227.469 -0.911057 0.41228 -0.108304 0.994118 1 100110101011000110001110 001111000100011101110001 3 0 1 1 0 0 0 1 1 0 0 0 0 0 1 1 0 0 0 0 14 1 16 1 16 1 16 1 16 1 16 
0 4 1 213.52 234.58 0.759826 0.650127 -0.853796 -0.520607 1 100110101011000110001110 001111000100011101110001 3 0 1 1 0 0 0 1 1 0 0 0 0 0 1 1 0 0 0 0 14 1 16 1 16 1 16 
0 5 1 213.146 241.25 0.651431 0.758708 0.386517 0.922282 1 100110101011000110001110 001111000100011101110001 3 0 1 1 0 0 0 1 1 0 0 0 0 0 1 1 0 0 0 0 14 1 16 1 16 1 16 1 16 
0 6 1 213.06 248.12 -0.677841 -0.735208 -0.963622 0.267269 1 100110101011000110001110 001111000100011101110001 3 0 1 1 0 0 0 1 1 0 0 0 0 0 1 1 0 0 0 0 14 1 16 1 16 1 16 1 16 1 16 
0 7 1 212.49 254.612 0.925355 -0.379103 0.0678704 0.997694 1 100110101011000110001110 001111000100011101110001 3 0 1 1 0 0 0 1 1 0 0 0 0 0 1 1 0 0 0 0 14 1 16 1 16 1 16 
0 8 1 212.88 261.34 -0.44774 -0.894164 0.844582 -0.535427 1 100110101011000110001110 001111000100011101110001 3 0 1 1 0 0 0 1 1 0 0 0 0 0 1 1 0 0 0 0 14 1 16 1 16 1 16 1 16 
0 9 1 212.608 268.451 0.970615 0.240636 -0.520222 -0.854031 1 100110101011000110001110 001111000100011101110001 3 0 1 1 0 0 0 1 1 0 0 0 0 0 1 1 0 0 0 0 14 1 16 1 16 1 16 1 16 
0 10 1 212.843 275.294 -0.798805 -0.601591 0.97521 0.221281 1 100110101011000110001110 001111000100011101110001 3 0 1 1 0 0 0 1 1 0 0 0 0 0 1 1 0 0 0 0 14 1 16 1 16 1 16 1 16 
0 11 1 213.104 282.292 0.199419 0.979914 -0.710402 0.703796 1 100110101011000110001110 001111000100011101110001 3 0 1 1 0 0 0 1 1 0 0 0 0 0 1 1 0 0 0 0 14 1 16 1 16 1 16 
0 12 1 219.021 214 0.705543 -0.708667 0.97855 0.20601 1 100110101011000110001110 001111000100011101110001 3 0 1 1 0 0 0 1 1 0 0 0 0 0 1 1 0 0 0 0 14 1 16 1 16 1 16 1 16 
0 13 1 220.72 219.34 0.934515 -0.355923 0.372302 -0.928112 1 100110101011000110001110 001111000100011101110001 3 0 1 1 0 0 0 1 1 0 0 0 0 0 1 1 0 0 0 1 16 1 16 1 16 1 16 1 16 1 16 
0 14 1 220.49 226.612 0.969639 -0.244539 0.0224326 0.999748 1 100110101011000110001110 001111000100011101110001 3 0 1 1 0 0 0 1 1 0 0 0 0 0 1 1 0 0 0 1 16 1 16 1 16 1 16 1 16 1 16 
0 15 1 219.531 234.184 0.828739 -0.559635 0.916066 0.401028 1 100110101011000110001110 001111000100011101110001 3 0 1 1 0 0 0 1 1 0 0 0 0 0 1 1 0 0 0 1 16 1 16 1 16 1 16 1 16 1 16 
0 16 1 220.188 241.458 -0.570137 0.82155 0.463018 -0.886349 1 100110101011000110001110 001111000100011101110001 3 0 1 1 0 0 0 1 1 0 0 0 0 0 1 1 0 0 0 1 16 1 16 1 16 1 16 1 16 1 16 1 16 
0 17 1 220.714 248.408 0.566973 0.823736 -0.97126 -0.238021 1 100110101011000110001110 001111000100011101110001 3 0 1 1 0 0 0 1 1 0 0 0 0 0 1 1 0 0 0 1 16 1 16 1 16 1 16 1 16 1 16 
0 18 1 219.306 255.429 0.870965 0.491346 -0.680451 0.732793 1 100110101011000110001110 001111000100011101110001 3 0 1 1 0 0 0 1 1 0 0 0 0 0 1 1 0 0 0 1 16 1 16 1 16 1 16 1 16 1 16 
0 19 1 220.02 262.878 0.985894 -0.167369 0.97182 -0.235724 1 100110101011000110001110 001111000100011101110001 3 0 1 1 0 0 0 1 1 0 0 0 0 0 1 1 0 0 0 1 16 1 16 1 16 1 16 1 16 1 16 1 16 
0 20 1 220.25 269.312 0.347766 -0.937581 -0.732793 -0.680451 1 100110101011000110001110 001111000100011101110001 3 0 1 1 0 0 0 1 1 0 0 0 0 0 1 1 0 0 0 1 16 1 16 1 16 1 16 1 16 1 16 
0 21 1 220.308 276.558 -0.64665 -0.762786 -0.872979 0.487757 1 100110101011000110001110 001111000100011101110001 3 0 1 1 0 0 0 1 1 0 0 0 0 0 1 1 0 0 0 1 16 1 16 1 16 1 16 1 16 
0 22 1 219.88 283.16 0.999756 0.0220915 -0.850038 -0.526722 1 100110101011000110001110 001111000100011101110001 3 0 1 1 0 0 0 1 1 0 0 0 0 0 1 1 0 0 0 0 14 1 16 1 16 1 16 1 16 
0 23 1 227.109 212.826 -0.687827 0.725874 0.344508 0.938783 1 100110101011000110001110 001111000100011101110001 3 0 1 1 0 0 0 1 1 0 0 0 0 0 1 1 0 0 0 0 14 1 16 1 16 1 16 1 16 1 16 
0 24 1 226.898 220.592 -0.918568 0.395262 -0.996674 0.0814891 1 100110101011000110001110 001111000100011101110001 3 0 1 1 0 0 0 1 1 0 0 0 0 0 1 1 0 0 0 1 16 1 16 1 16 1 16 1 16 1 16 
0 25 1 227.88 227.84 -1 -0.000422046 0.184289 0.982872 1 100110101011000110001110 001111000100011101110001 3 0 1 1 0 0 0 1 1 0 0 0 0 0 1 1 0 0 0 1 16 1 16 1 16 1 16 1 16 1 16 
0 26 1 226.204 234.429 -0.962629 0.270822 0.999964 -0.00849226 1 100110101011000110001110 001111000100011101110001 3 0 1 1 0 0 0 1 1 0 0 0 0 0 1 1 0 0 0 1 16 1 16 1 16 1 16 1 16 1 16 1 16 
0 27 1 227.478 241.848 0.704458 0.709746 0.496139 -0.868243 1 100110101011000110001110 001111000100011101110001 3 0 1 1 0 0 0 1 1 0 0 0 0 0 1 1 0 0 0 1 16 1 16 1 16 1 16 1 16 1 16 1 16 
0 28 1 226.959 248.388 0.931529 0.363666 -0.846574 -0.532271 1 100110101011000110001110 001111000100011101110001 3 0 1 1 0 0 0 1 1 0 0 0 0 0 1 1 0 0 0 1 16 1 16 1 16 1 16 1 16 1 16 
0 29 1 225.978 255.044 -0.984139 0.177401 -0.951942 -0.306277 1 100110101011000110001110 001111000100011101110001 3 0 1 1 0 0 0 1 1 0 0 0 0 0 1 1 0 0 0 1 16 1 16 1 16 1 16 1 16 1 16 
0 30 1 227.49 260.878 -0.450622 -0.892715 0.907878 0.419234 1 100110101011000110001110 001111000100011101110001 3 0 1 1 0 0 0 1 1 0 0 0 0 0 1 1 0 0 0 1 16 1 16 1 16 1 16 1 16 
0 31 1 227.286 268.245 0.191327 -0.981526 -0.289929 -0.957048 1 100110101011000110001110 001111000100011101110001 3 0 1 1 0 0 0 1 1 0 0 0 0 0 1 1 0 0 0 1 16 1 16 1 16 1 16 1 16 1 16 1 16 
0 32 1 226.8 275.72 -0.153475 0.988152 0.828873 -0.559438 1 100110101011000110001110 001111000100011101110001 3 0 1 1 0 0 0 1 1 0 0 0 0 0 1 1 0 0 0 1 16 1 16 1 16 1 16 1 16 1 16 
0 33 1 227.24 284.08 0.439318 -0.898332 0.785188 -0.619257 1 100110101011000110001110 001111000100011101110001 3 0 1 1 0 0 0 1 1 0 0 0 0 0 1 1 0 0 0 0 14 1 16 1 16 1 16 1 16 
0 34 1 234.3 214 -0.904282 -0.426936 0.855732 -0.517419 1 100110101011000110001110 001111000100011101110001 3 0 1 1 0 0 0 1 1 0 0 0 0 0 1 1 0 0 0 0 14 1 16 1 16 1 16 1 16 1 16 
0 35 1 233.149 220.617 0.144432 -0.989515 0.0365997 0.99933 1 100110101011000110001110 001111000100011101110001 3 0 1 1 0 0 0 1 1 0 0 0 0 0 1 1 0 0 0 1 16 1 16 1 16 1 16 1 16 1 16 
0 36 1 234.898 228.102 -0.21709 0.976152 0.698566 -0.715545 1 100110101011000110001110 001111000100011101110001 3 0 1 1 0 0 0 1 1 0 0 0 0 0 1 1 0 0 0 1 16 1 16 1 16 1 16 1 16 1 16 
0 37 1 233.653 234.878 0.304186 0.952613 0.973641 0.228084 1 100110101011000110001110 001111000100011101110001 3 0 1 1 0 0 0 1 1 0 0 0 0 0 1 1 0 0 0 1 16 1 16 1 16 1 16 1 16 1 16 
0 38 1 233.959 241.122 -0.884789 0.465992 0.729769 0.683694 1 100110101011000110001110 001111000100011101110001 3 0 1 1 0 0 0 1 1 0 0 0 0 0 1 1 0 0 0 1 16 1 16 1 16 1 16 1 16 1 16 1 16 
0 39 1 234.255 248.118 -0.617386 0.78666 0.939233 0.343282 1 100110101011000110001110 001111000100011101110001 3 0 1 1 0 0 0 1 1 0 0 0 0 0 1 1 0 0 0 1 16 1 16 1 16 1 16 1 16 1 16 
0 40 1 233.83 255.255 0.25423 -0.967144 0.949852 -0.312699 1 100110101011000110001110 001111000100011101110001 3 0 1 1 0 0 0 1 1 0 0 0 0 0 1 1 0 0 0 1 16 1 16 1 16 1 16 1 16 1 16 
0 41 1 234.294 262.098 -0.542035 -0.840356 0.606673 0.794951 1 100110101011000110001110 001111000100011101110001 3 0 1 1 0 0 0 1 1 0 0 0 0 0 1 1 0 0 0 1 16 1 16 1 16 1 16 1 16 1 16 
0 42 1 233.938 269.208 0.713065 -0.701098 -0.571974 0.820272 1 100110101011000110001110 001111000100011101110001 3 0 1 1 0 0 0 1 1 0 0 0 0 0 1 1 0 0 0 1 16 1 16 1 16 1 16 1 16 
0 43 1 233.923 275.731 0.600834 0.799374 0.0906392 -0.995884 1 100110101011000110001110 001111000100011101110001 3 0 1 1 0 0 0 1 1 0 0 0 0 0 1 1 0 0 0 1 16 1 16 1 16 1 16 1 16 1 16 1 16 1 16 
0 44 1 233.22 283 0.0599846 -0.998199 -0.0948091 0.995495 1 100110101011000110001110 001111000100011101110001 3 0 1 1 0 0 0 1 1 0 0 0 0 0 1 1 0 0 0 0 14 1 16 1 16 1 16 
0 45 1 240.653 212.592 -0.992569 0.121679 -0.985046 0.172289 1 100110101011000110001110 001111000100011101110001 3 0 1 1 0 0 0 1 1 0 0 0 0 0 1 1 0 0 0 0 14 1 16 1 16 1 16 
0 46 1 241 219.8 -0.982595 0.185759 -0.241521 0.970396 1 100110101011000110001110 001111000100011101110001 3 0 1 1 0 0 0 1 1 0 0 0 0 0 1 1 0 0 0 1 16 1 16 1 16 1 16 1 16 1 16 1 16 
0 47 1 241.059 226.294 -0.995298 0.0968649 -0.146195 -0.989256 1 100110101011000110001110 001111000100011101110001 3 0 1 1 0 0 0 1 1 0 0 0 0 0 1 1 0 0 0 1 16 1 16 1 16 1 16 1 16 
0 48 1 241.137 233.471 0.00745565 0.999972 0.3637 0.931516 1 100110101011000110001110 001111000100011101110001 3 0 1 1 0 0 0 1 1 0 0 0 0 0 1 1 0 0 0 1 16 1 16 1 16 1 16 1 16 1 16 1 16 
0 49 1 241.796 241.224 -0.992779 -0.119956 0.263917 0.964545 1 100110101011000110001110 001111000100011101110001 3 0 1 1 0 0 0 1 1 0 0 0 0 0 1 1 0 0 0 1 16 1 16 1 16 1 16 1 16 1 16 
0 50 1 241.042 247.5 -0.764009 0.645206 0.980581 -0.196116 1 100110101011000110001110 001111000100011101110001 3 0 1 1 0 0 0 1 1 0 0 0 0 0 1 1 0 0 0 1 16 1 16 1 16 1 16 1 16 1 16 
0 51 1 241.02 254.88 -0.888125 0.459602 -0.501878 0.864938 1 100110101011000110001110 001111000100011101110001 3 0 1 1 0 0 0 1 1 0 0 0 0 0 1 1 0 0 0 1 16 1 16 1 16 1 16 1 16 1 16 1 16 
0 52 1 240.229 262.958 -0.101113 -0.994875 -0.901991 0.431755 1 100110101011000110001110 001111000100011101110001 3 0 1 1 0 0 0 1 1 0 0 0 0 0 1 1 0 0 0 1 16 1 16 1 16 1 16 1 16 
0 53 1 241.88 268.74 -0.885231 -0.465152 0.950787 -0.309845 1 100110101011000110001110 001111000100011101110001 3 0 1 1 0 0 0 1 1 0 0 0 0 0 1 1 0 0 0 1 16 1 16 1 16 1 16 1 16 1 16 
0 54 1 241.96 276.16 -0.127119 -0.991887 0.888396 0.459078 1 100110101011000110001110 001111000100011101110001 3 0 1 1 0 0 0 1 1 0 0 0 0 0 1 1 0 0 0 1 16 1 16 1 16 1 16 1 16 1 16 
0 55 1 239.962 282.538 0.955313 -0.295596 -0.976515 -0.215452 1 100110101011000110001110 001111000100011101110001 3 0 1 1 0 0 0 1 1 0 0 0 0 0 1 1 0 0 0 0 14 1 16 1 16 1 16 1 16 
0 56 1 247.882 212.373 -0.148774 0.988871 -0.997505 0.0705891 1 100110101011000110001110 001111000100011101110001 3 0 1 1 0 0 0 1 1 0 0 0 0 0 1 1 0 0 0 0 14 1 16 1 16 1 16 1 16 
0 57 1 247.98 220.388 0.69518 0.718836 0.102372 0.994746 1 100110101011000110001110 001111000100011101110001 3 0 1 1 0 0 0 1 1 0 0 0 0 0 1 1 0 0 0 0 14 1 16 1 16 1 16 1 16 1 16 1 16 
0 58 1 248.298 227.17 -0.303334 -0.952884 0.0757718 -0.997125 1 100110101011000110001110 001111000100011101110001 3 0 1 1 0 0 0 1 1 0 0 0 0 0 1 1 0 0 0 1 16 1 16 1 16 1 16 1 16 
0 59 1 247.714 234.143 -0.925342 0.379133 0.163314 0.986574 1 100110101011000110001110 001111000100011101110001 3 0 1 1 0 0 0 1 1 0 0 0 0 0 1 1 0 0 0 1 16 1 16 1 16 1 16 1 16 1 16 
0 60 1 248.755 240.388 0.0115446 0.999933 0.992505 -0.1222 1 100110101011000110001110 001111000100011101110001 3 0 1 1 0 0 0 1 1 0 0 0 0 0 1 1 0 0 0 1 16 1 16 1 16 1 16 1 16 1 16 
0 61 1 248.82 248.16 -0.793875 0.608081 -0.408677 -0.912679 1 100110101011000110001110 001111000100011101110001 3 0 1 1 0 0 0 1 1 0 0 0 0 0 1 1 0 0 0 1 16 1 16 1 16 1 16 1 16 1 16 
0 62 1 247.25 254.625 0.0906384 0.995884 -0.222381 -0.97496 1 100110101011000110001110 001111000100011101110001 3 0 1 1 0 0 0 1 1 0 0 0 0 0 1 1 0 0 0 1 16 1 16 1 16 1 16 1 16 1 16 
0 63 1 248 261.271 0.999528 0.0307275 -0.923829 -0.382805 1 100110101011000110001110 001111000100011101110001 3 0 1 1 0 0 0 1 1 0 0 0 0 0 1 1 0 0 0 1 16 1 16 1 16 1 16 1 16 1 16 1 16 1 16 
0 64 1 247.9 268.44 0.0724173 -0.997374 0.962651 -0.270746 1 100110101011000110001110 001111000100011101110001 3 0 1 1 0 0 0 1 1 0 0 0 0 0 1 1 0 0 0 1 16 1 16 1 16 1 16 1 16 
0 65 1 248.319 276.255 0.999783 0.0208371 -0.14893 0.988848 1 100110101011000110001110 001111000100011101110001 3 0 1 1 0 0 0 1 1 0 0 0 0 0 1 1 0 0 0 1 16 1 16 1 16 1 16 1 16 
0 66 1 247.38 283.8 0.365638 -0.930757 0.876934 -0.480611 1 100110101011000110001110 001111000100011101110001 3 0 1 1 0 0 0 1 1 0 0 0 0 0 1 1 0 0 0 0 14 1 16 1 16 1 16 1 16 1 16 
0 67 1 255.646 213.438 -0.981203 0.192979 -0.382767 -0.923845 1 100110101011000110001110 001111000100011101110001 3 0 1 1 0 0 0 1 1 0 0 0 0 0 1 1 0 0 0 0 14 1 16 1 16 1 16 1 16 
0 68 1 254.812 219.938 0.789772 -0.6134 0.973417 -0.229039 1 100110101011000110001110 001111000100011101110001 3 0 1 1 0 0 0 1 1 0 0 0 0 0 1 1 0 0 0 0 14 1 16 1 16 1 16 1 16 1 16 
0 69 1 255.082 227.306 0.995721 0.0924099 0.100025 -0.994985 1 100110101011000110001110 001111000100011101110001 3 0 1 1 0 0 0 1 1 0 0 0 0 0 1 1 0 0 0 1 16 1 16 1 16 1 16 1 16 1 16 
0 70 1 256.36 233.8 -0.101986 0.994786 0.992221 0.124489 1 100110101011000110001110 001111000100011101110001 3 0 1 1 0 0 0 1 1 0 0 0 0 0 1 1 0 0 0 1 16 1 16 1 16 1 16 1 16 1 16 1 16 
0 71 1 255.041 240.306 0.311243 -0.95033 -0.412538 0.91094 1 100110101011000110001110 001111000100011101110001 3 0 1 1 0 0 0 1 1 0 0 0 0 0 1 1 0 0 0 1 16 1 16 1 16 1 16 1 16 
0 72 1 255.224 247.878 0.770128 0.637889 -0.995516 0.0945896 1 100110101011000110001110 001111000100011101110001 3 0 1 1 0 0 0 1 1 0 0 0 0 0 1 1 0 0 0 1 16 1 16 1 16 1 16 1 16 1 16 
0 73 1 254.583 254.646 -0.64098 -0.767558 -0.639944 -0.768421 1 100110101011000110001110 001111000100011101110001 3 0 1 1 0 0 0 1 1 0 0 0 0 0 1 1 0 0 0 1 16 1 16 1 16 1 16 1 16 1 16 
0 74 1 255.408 261.898 -0.501051 -0.865418 0.0830455 0.996546 1 100110101011000110001110 001111000100011101110001 3 0 1 1 0 0 0 1 1 0 0 0 0 0 1 1 0 0 0 1 16 1 16 1 16 1 16 1 16 1 16 1 16 
0 75 1 254.065 269.522 -0.710413 -0.703785 0.997794 -0.0663855 1 100110101011000110001110 001111000100011101110001 3 0 1 1 0 0 0 1 1 0 0 0 0 0 1 1 0 0 0 1 16 1 16 1 16 1 16 1 16 1 16 1 16 
0 76 1 255.02 276.46 0.796773 -0.604279 0.226296 -0.974058 1 100110101011000110001110 001111000100011101110001 3 0 1 1 0 0 0 1 1 0 0 0 0 0 1 1 0 0 0 1 16 1 16 1 16 1 16 1 16 1 16 1 16 
0 77 1 254.96 283.08 -0.451074 -0.892487 -0.724225 -0.689564 1 100110101011000110001110 001111000100011101110001 3 0 1 1 0 0 0 1 1 0 0 0 0 0 1 1 0 0 0 0 14 1 16 1 16 1 16 
0 78 1 261.735 212.939 -0.267882 -0.963452 0.999969 -0.00783266 1 100110101011000110001110 001111000100011101110001 3 0 1 1 0 0 0 1 1 0 0 0 0 0 1 1 0 0 0 0 14 1 16 1 16 1 16 1 16 
0 79 1 262.255 220.235 -0.983999 -0.178175 -0.986394 -0.164399 1 100110101011000110001110 001111000100011101110001 3 0 1 1 0 0 0 1 1 0 0 0 0 0 1 1 0 0 0 1 16 1 16 1 16 1 16 1 16 1 16 
0 80 1 262.22 226.94 0.917671 0.397342 -0.495133 0.868817 1 100110101011000110001110 001111000100011101110001 3 0 1 1 0 0 0 1 1 0 0 0 0 0 1 1 0 0 0 1 16 1 16 1 16 1 16 1 16 1 16 
0 81 1 263.708 233.917 -0.775816 -0.630959 -0.963016 -0.269445 1 100110101011000110001110 001111000100011101110001 3 0 1 1 0 0 0 1 1 0 0 0 0 0 1 1 0 0 0 1 16 1 16 1 16 1 16 1 16 1 16 
0 82 1 262.408 240.98 0.123599 0.992332 0.400819 0.916157 1 100110101011000110001110 001111000100011101110001 3 0 1 1 0 0 0 1 1 0 0 0 0 0 1 1 0 0 0 1 16 1 16 1 16 1 16 1 16 1 16 
0 83 1 261.66 247.447 0.956493 -0.291755 0.980322 0.197403 1 100110101011000110001110 001111000100011101110001 3 0 1 1 0 0 0 1 1 0 0 0 0 0 1 1 0 0 0 1 16 1 16 1 16 1 16 1 16 1 16 
0 84 1 261.686 254.784 0.0305256 -0.999534 -0.883947 -0.467586 1 100110101011000110001110 001111000100011101110001 3 0 1 1 0 0 0 1 1 0 0 0 0 0 1 1 0 0 0 1 16 1 16 1 16 1 16 1 16 1 16 1 16 
0 85 1 261.981 261.942 -0.967795 0.251738 0.777892 -0.628398 1 100110101011000110001110 001111000100011101110001 3 0 1 1 0 0 0 1 1 0 0 0 0 0 1 1 0 0 0 1 16 1 16 1 16 1 16 
0 86 1 261.235 268.608 -0.977611 -0.210422 -0.994719 -0.10264 1 100110101011000110001110 001111000100011101110001 3 0 1 1 0 0 0 1 1 0 0 0 0 0 1 1 0 0 0 1 16 1 16 1 16 1 16 1 16 1 16 1 16 
0 87 1 262.347 275.469 0.846626 -0.532189 -0.483385 -0.875408 1 100110101011000110001110 001111000100011101110001 3 0 1 1 0 0 0 1 1 0 0 0 0 0 1 1 0 0 0 1 16 1 16 1 16 1 16 1 16 1 16 
0 88 1 262.184 282.306 -0.0876018 -0.996156 0.903754 0.428053 1 100110101011000110001110 001111000100011101110001 3 0 1 1 0 0 0 1 1 0 0 0 0 0 1 1 0 0 0 0 14 1 16 1 16 1 16 1 16 1 16 
0 89 1 268.837 212.388 0.147816 -0.989015 0.947157 0.32077 1 100110101011000110001110 001111000100011101110001 3 0 1 1 0 0 0 1 1 0 0 0 0 0 1 1 0 0 0 0 14 1 16 1 16 1 16 
0 90 1 269.765 220.137 0.439707 -0.898141 0.997821 0.0659849 1 100110101011000110001110 001111000100011101110001 3 0 1 1 0 0 0 1 1 0 0 0 0 0 1 1 0 0 0 0 14 1 16 1 16 1 16 1 16 1 16 
0 91 1 269.255 226.66 -0.573261 -0.819373 0.637618 -0.770352 1 100110101011000110001110 001111000100011101110001 3 0 1 1 0 0 0 1 1 0 0 0 0 0 1 1 0 0 0 0 14 1 16 1 16 1 16 1 16 1 16 
0 92 1 270.062 233.646 -0.0830112 -0.996549 0.94879 -0.315909 1 100110101011000110001110 001111000100011101110001 3 0 1 1 0 0 0 1 1 0 0 0 0 0 1 1 0 0 0 0 14 1 16 1 16 1 16 
0 93 1 269.745 240.765 0.905642 0.424044 -0.980581 0.196116 1 100110101011000110001110 001111000100011101110001 3 0 1 1 0 0 0 1 1 0 0 0 0 0 1 1 0 0 0 0 14 1 16 1 16 1 16 1 16 
0 94 1 269 247.196 -0.988126 -0.153643 0.338993 -0.940789 1 100110101011000110001110 001111000100011101110001 3 0 1 1 0 0 0 1 1 0 0 0 0 0 1 1 0 0 0 0 14 1 16 1 16 1 16 1 16 
0 95 1 269.102 255.082 0.824337 0.566099 0.80282 0.596222 1 100110101011000110001110 001111000100011101110001 3 0 1 1 0 0 0 1 1 0 0 0 0 0 1 1 0 0 0 0 14 1 16 1 16 1 16 1 16 
0 96 1 268.469 262.122 -0.493105 -0.86997 -0.996014 -0.0891953 1 100110101011000110001110 001111000100011101110001 3 0 1 1 0 0 0 1 1 0 0 0 0 0 1 1 0 0 0 0 14 1 16 1 16 1 16 1 16 1 16 
0 97 1 269.22 269.04 -0.815749 0.578406 0.860292 -0.509802 1 100110101011000110001110 001111000100011101110001 3 0 1 1 0 0 0 1 1 0 0 0 0 0 1 1 0 0 0 0 14 1 16 1 16 1 16 1 16 
0 98 1 268.653 276.449 -0.831665 0.555277 -0.196889 0.980426 1 100110101011000110001110 001111000100011101110001 3 0 1 1 0 0 0 1 1 0 0 0 0 0 1 1 0 0 0 0 14 1 16 1 16 1 16 1 16 
0 99 1 269.122 284.041 -0.584391 0.811472 0.124035 0.992278 1 100110101011000110001110 001111000100011101110001 3 0 1 1 0 0 0 1 1 0 0 0 0 0 1 1 0 0 0 0 14 1 16 1 16 
0 100 1 275 214.16 0.999652 -0.0263637 -0.998168 -0.0604951 1 100110101011000110001110 001111000100011101110001 3 0 1 1 0 0 0 1 1 0 0 0 0 0 1 1 0 0 0 0 14 1 16 1 16 
1000 2 1 221.979 220.562 0.984972 0.172713 0.555241 -0.83169 0 100110101011000110001110 001111000100011101110001 3 0 1 1 0 0 0 1 1 0 0 0 0 0 1 1 0 0 0 0 14 1 16 1 16 1 16 1 16 
1000 3 1 215.951 240.78 -0.985162 0.171627 -0.89735 0.44132 0 100110101011000110001110 001111000100011101110001 3 0 1 1 0 0 0 1 1 0 0 0 0 0 1 1 0 0 0 0 14 1 16 1 16 1 16 1 16 1 16 1 16 1 16 1 16 1 16 1 16 
1000 4 1 223.026 234.692 0.952029 -0.306009 -0.651344 -0.758782 0 100110101011000110001110 001111000100011101110001 3 0 1 1 0 0 0 1 1 0 0 0 0 0 1 1 0 0 0 0 14 1 16 1 16 1 16 1 16 1 16 1 16 1 16 1 16 1 16 
1000 5 1 217.318 227.068 0.634739 0.772726 -0.0356915 -0.999363 0 100110101011000110001110 001111000100011101110001 3 0 1 1 0 0 0 1 1 0 0 0 0 0 1 1 0 0 0 0 14 1 16 1 16 1 16 1 16 1 16 1 16 1 16 1 16 
1000 6 1 205.872 239.149 0.90969 0.415289 -0.180045 -0.983658 0 100110101011000110001110 001111000100011101110001 3 0 1 1 0 0 0 1 1 0 0 0 0 0 1 1 0 0 0 0 14 1 16 1 16 1 16 1 16 1 16 1 16 1 16 
1000 7 1 202.804 247.961 -0.518978 0.854788 0.86457 0.502512 0 100110101011000110001110 001111000100011101110001 3 0 1 1 0 0 0 1 1 0 0 0 0 0 1 1 0 0 0 0 14 1 16 1 16 1 16 
1000 9 1 227.091 271.091 -0.406737 -0.913545 -0.41067 -0.911784 0 100110101011000110001110 001111000100011101110001 3 0 1 1 0 0 0 1 1 0 0 0 0 0 1 1 0 0 0 0 14 1 16 1 16 1 16 1 16 1 16 1 16 
1000 14 1 232.465 228.07 -0.474669 -0.880165 0.124784 -0.992184 0 100110101011000110001110 001111000100011101110001 3 0 1 1 0 0 0 1 1 0 0 0 0 0 1 1 0 0 0 0 14 1 16 1 16 1 16 1 16 1 16 1 16 
1000 15 1 208.312 226.146 0.759257 0.650791 0.850504 -0.525969 0 100110101011000110001110 001111000100011101110001 3 0 1 1 0 0 0 1 1 0 0 0 0 0 1 1 0 0 0 0 14 1 16 1 16 1 16 
1000 16 1 208.25 251.325 0.874454 0.485108 0.371391 -0.928477 0 100110101011000110001110 001111000100011101110001 3 0 1 1 0 0 0 1 1 0 0 0 0 0 1 1 0 0 0 0 14 1 16 1 16 1 16 1 16 1 16 1 16 1 16 1 16 
1000 17 1 212.761 230.543 -0.813236 0.581934 -0.931321 -0.364199 0 100110101011000110001110 001111000100011101110001 3 0 1 1 0 0 0 1 1 0 0 0 0 0 1 1 0 0 0 0 14 1 16 1 16 1 16 1 16 1 16 1 16 1 16 1 16 
1000 18 1 203.087 256.348 -0.999129 0.0417256 -0.920172 0.391514 0 100110101011000110001110 001111000100011101110001 3 0 1 1 0 0 0 1 1 0 0 0 0 0 1 1 0 0 0 0 14 1 16 1 16 1 16 1 16 1 16 
1000 20 1 206.174 263.978 0.649127 -0.76068 0.575815 0.81758 0 100110101011000110001110 001111000100011101110001 3 0 1 1 0 0 0 1 1 0 0 0 0 0 1 1 0 0 0 0 14 1 16 1 16 1 16 1 16 1 16 
1000 21 1 222.095 276.952 0.482234 0.876043 0.381989 -0.924167 0 100110101011000110001110 001111000100011101110001 3 0 1 1 0 0 0 1 1 0 0 0 0 0 1 1 0 0 0 0 14 1 16 1 16 1 16 
1000 22 1 229.079 275.026 -0.81442 0.580276 0.273618 0.961838 0 100110101011000110001110 001111000100011101110001 3 0 1 1 0 0 0 1 1 0 0 0 0 0 1 1 0 0 0 0 14 1 16 1 16 1 16 1 16 1 16 1 16 1 16 1 16 1 16 1 16 
1000 23 1 219.213 215.596 -0.742111 0.670277 -0.608656 -0.793434 0 100110101011000110001110 001111000100011101110001 3 0 1 1 0 0 0 1 1 0 0 0 0 0 1 1 0 0 0 0 14 1 16 1 16 1 16 
1000 24 1 243.073 232.488 0.97898 0.203954 -0.255391 0.966838 0 100110101011000110001110 001111000100011101110001 3 0 1 1 0 0 0 1 1 0 0 0 0 0 1 1 0 0 0 0 14 1 16 1 16 1 16 1 16 1 16 1 16 1 16 
1000 25 1 244.25 238.75 0.71383 0.700319 -0.626978 0.779037 0 100110101011000110001110 001111000100011101110001 3 0 1 1 0 0 0 1 1 0 0 0 0 0 1 1 0 0 0 0 14 1 16 1 16 1 16 1 16 1 16 1 16 1 16 
1000 27 1 236.974 233 0.652039 -0.758185 -0.265307 -0.964164 0 100110101011000110001110 001111000100011101110001 3 0 1 1 0 0 0 1 1 0 0 0 0 0 1 1 0 0 0 0 14 1 16 1 16 1 16 1 16 1 16 1 16 
1000 28 1 214.475 247.4 0.509576 -0.860425 0.0908391 0.995866 0 100110101011000110001110 001111000100011101110001 3 0 1 1 0 0 0 1 1 0 0 0 0 0 1 1 0 0 0 0 14 1 16 1 16 1 16 1 16 1 16 1 16 1 16 
1000 30 1 215.152 275.304 -0.357429 0.93394 -0.997494 -0.0707443 0 100110101011000110001110 001111000100011101110001 3 0 1 1 0 0 0 1 1 0 0 0 0 0 1 1 0 0 0 0 14 1 16 1 16 1 16 
1000 31 1 217.462 255.051 0.0898717 0.995953 -0.658505 -0.752577 0 100110101011000110001110 001111000100011101110001 3 0 1 1 0 0 0 1 1 0 0 0 0 0 1 1 0 0 0 0 14 1 16 1 16 1 16 1 16 1 16 1 16 1 16 1 16 
1000 32 1 227.743 258.714 -0.0256326 -0.999671 0.179183 0.983816 0 100110101011000110001110 001111000100011101110001 3 0 1 1 0 0 0 1 1 0 0 0 0 0 1 1 0 0 0 0 14 
1000 35 1 239.116 226.047 0.922194 0.386727 0.416655 -0.909065 0 100110101011000110001110 001111000100011101110001 3 0 1 1 0 0 0 1 1 0 0 0 0 0 1 1 0 0 0 0 14 1 16 1 16 1 16 1 16 1 16 
1000 36 1 248.683 231.805 0.775038 -0.631915 -0.406879 0.913482 0 100110101011000110001110 001111000100011101110001 3 0 1 1 0 0 0 1 1 0 0 0 0 0 1 1 0 0 0 0 14 1 16 1 16 1 16 1 16 1 16 1 16 1 16 
1000 37 1 249.389 253.139 -0.351481 0.936195 0.907959 -0.419058 0 100110101011000110001110 001111000100011101110001 3 0 1 1 0 0 0 1 1 0 0 0 0 0 1 1 0 0 0 0 14 1 16 1 16 1 16 1 16 1 16 1 16 
1000 38 1 227.974 243 0.427674 0.903933 -0.92661 0.376025 0 100110101011000110001110 001111000100011101110001 3 0 1 1 0 0 0 1 1 0 0 0 0 0 1 1 0 0 0 0 14 1 16 1 16 1 16 1 16 1 16 1 16 1 16 
1000 40 1 229.561 235.463 -0.885055 -0.465486 0.302579 -0.953124 0 100110101011000110001110 001111000100011101110001 3 0 1 1 0 0 0 1 1 0 0 0 0 0 1 1 0 0 0 0 14 1 16 1 16 1 16 1 16 1 16 1 16 
1000 42 1 238.632 286.289 0.0231289 -0.999732 -0.896635 0.44277 0 100110101011000110001110 001111000100011101110001 3 0 1 1 0 0 0 1 1 0 0 0 0 0 1 1 0 0 0 0 14 1 16 1 16 1 16 1 16 1 16 1 16 1 16 1 16 
1000 43 1 249.729 296.958 0.397329 -0.917676 0.135113 0.99083 0 100110101011000110001110 001111000100011101110001 3 0 1 1 0 0 0 1 1 0 0 0 0 0 1 1 0 0 0 0 14 1 16 1 16 1 16 1 16 1 16 
1000 44 1 243.02 295.327 0.910884 0.412662 -0.978297 -0.207209 0 100110101011000110001110 001111000100011101110001 3 0 1 1 0 0 0 1 1 0 0 0 0 0 1 1 0 0 0 0 14 1 16 1 16 1 16 1 16 1 16 
1000 45 1 262.435 216.174 0.916726 -0.399516 0.477694 0.878526 0 100110101011000110001110 001111000100011101110001 3 0 1 1 0 0 0 1 1 0 0 0 0 0 1 1 0 0 0 0 14 1 16 1 16 1 16 1 16 
1000 46 1 227.143 215.592 0.104305 -0.994545 0.739666 0.672975 0 100110101011000110001110 001111000100011101110001 3 0 1 1 0 0 0 1 1 0 0 0 0 0 1 1 0 0 0 0 14 1 16 1 16 
1000 47 1 237.708 219.833 0.997755 -0.0669635 -0.917751 0.397156 0 100110101011000110001110 001111000100011101110001 3 0 1 1 0 0 0 1 1 0 0 0 0 0 1 1 0 0 0 0 14 1 16 1 16 1 16 
1000 49 1 250.541 242.892 -0.908845 -0.417133 0.530836 0.847475 0 100110101011000110001110 001111000100011101110001 3 0 1 1 0 0 0 1 1 0 0 0 0 0 1 1 0 0 0 0 14 1 16 1 16 1 16 1 16 1 16 1 16 
1000 50 1 241.083 245.028 0.725982 0.687714 -0.96822 -0.2501 0 100110101011000110001110 001111000100011101110001 3 0 1 1 0 0 0 1 1 0 0 0 0 0 1 1 0 0 0 0 14 1 16 1 16 1 16 1 16 
1000 51 1 238.15 240.225 0.907822 -0.419355 0.193776 -0.981046 0 100110101011000110001110 001111000100011101110001 3 0 1 1 0 0 0 1 1 0 0 0 0 0 1 1 0 0 0 0 14 1 16 1 16 1 16 1 16 1 16 1 16 
1000 52 1 239.632 250.684 0.555824 0.8313 -0.537884 0.843019 0 100110101011000110001110 001111000100011101110001 3 0 1 1 0 0 0 1 1 0 0 0 0 0 1 1 0 0 0 0 14 1 16 1 16 1 16 1 16 
1000 54 1 245.758 269.394 0.12726 -0.991869 0.339107 -0.940748 0 100110101011000110001110 001111000100011101110001 3 0 1 1 0 0 0 1 1 0 0 0 0 0 1 1 0 0 0 0 14 1 16 1 16 1 16 1 16 1 16 1 16 1 16 
1000 57 1 243.083 214.625 0.738597 0.674147 -0.8135 0.581566 0 100110101011000110001110 001111000100011101110001 3 0 1 1 0 0 0 1 1 0 0 0 0 0 1 1 0 0 0 0 14 1 16 1 16 
1000 58 1 265.632 241.947 0.270746 0.962651 -0.587573 0.809171 0 100110101011000110001110 001111000100011101110001 3 0 1 1 0 0 0 1 1 0 0 0 0 0 1 1 0 0 0 0 14 1 16 1 16 1 16 1 16 1 16 
1000 60 1 251.9 237.025 -0.394326 0.918971 -0.454326 -0.890835 0 100110101011000110001110 001111000100011101110001 3 0 1 1 0 0 0 1 1 0 0 0 0 0 1 1 0 0 0 0 14 1 16 1 16 1 16 1 16 1 16 1 16 1 16 1 16 1 16 
1000 62 1 252.719 262.406 -0.46389 0.885893 -0.580038 0.814589 0 100110101011000110001110 001111000100011101110001 3 0 1 1 0 0 0 1 1 0 0 0 0 0 1 1 0 0 0 0 14 1 16 1 16 1 16 1 16 1 16 
1000 63 1 262.316 252.395 0.821489 -0.570224 -0.999752 0.0222579 0 100110101011000110001110 001111000100011101110001 3 0 1 1 0 0 0 1 1 0 0 0 0 0 1 1 0 0 0 0 14 1 16 1 16 1 16 1 16 1 16 
1000 66 1 236.853 263.441 -0.292908 -0.956141 0.581238 -0.813733 0 100110101011000110001110 001111000100011101110001 3 0 1 1 0 0 0 1 1 0 0 0 0 0 1 1 0 0 0 0 14 1 16 1 16 1 16 1 16 1 16 1 16 1 16 
1000 67 1 253.636 226.795 0.152429 -0.988314 0.833297 0.552826 0 100110101011000110001110 001111000100011101110001 3 0 1 1 0 0 0 1 1 0 0 0 0 0 1 1 0 0 0 0 14 1 16 1 16 1 16 1 16 1 16 1 16 1 16 
1000 69 1 251.273 220.295 0.751962 0.659206 -0.99667 0.0815457 0 100110101011000110001110 001111000100011101110001 3 0 1 1 0 0 0 1 1 0 0 0 0 0 1 1 0 0 0 0 14 1 16 1 16 1 16 1 16 1 16 
1000 71 1 260.026 245.718 -0.29676 0.954952 0.721368 0.692552 0 100110101011000110001110 001111000100011101110001 3 0 1 1 0 0 0 1 1 0 0 0 0 0 1 1 0 0 0 0 14 1 16 1 16 1 16 1 16 1 16 
1000 72 1 269.974 255.923 -0.680525 0.732725 0.188877 0.982001 0 100110101011000110001110 001111000100011101110001 3 0 1 1 0 0 0 1 1 0 0 0 0 0 1 1 0 0 0 0 14 1 16 1 16 1 16 1 16 1 16 1 16 1 16 1 16 
1000 74 1 272.37 273.478 -0.74036 0.672211 -0.954319 0.29879 0 100110101011000110001110 001111000100011101110001 3 0 1 1 0 0 0 1 1 0 0 0 0 0 1 1 0 0 0 0 14 1 16 1 16 1 16 1 16 1 16 
1000 75 1 246.091 261.97 -0.875991 -0.482327 0.0600073 0.998198 0 100110101011000110001110 001111000100011101110001 3 0 1 1 0 0 0 1 1 0 0 0 0 0 1 1 0 0 0 0 14 1 16 1 16 1 16 1 16 1 16 1 16 1 16 1 16 
1000 77 1 241.788 274 -0.344981 -0.93861 -0.964326 -0.264717 0 100110101011000110001110 001111000100011101110001 3 0 1 1 0 0 0 1 1 0 0 0 0 0 1 1 0 0 0 0 14 1 16 1 16 1 16 1 16 1 16 1 16 1 16 1 16 1 16 1 16 1 16 1 16 
1000 78 1 272.082 221.082 -0.890248 0.455476 -0.837751 0.546052 0 100110101011000110001110 001111000100011101110001 3 0 1 1 0 0 0 1 1 0 0 0 0 0 1 1 0 0 0 0 14 1 16 1 16 1 16 
1000 79 1 265 222.318 -0.0125279 -0.999922 -0.468716 0.883349 0 100110101011000110001110 001111000100011101110001 3 0 1 1 0 0 0 1 1 0 0 0 0 0 1 1 0 0 0 0 14 1 16 1 16 1 16 1 16 1 16 1 16 1 16 
1000 81 1 269.462 236.179 0.339265 0.940691 0.584651 0.811285 0 100110101011000110001110 001111000100011101110001 3 0 1 1 0 0 0 1 1 0 0 0 0 0 1 1 0 0 0 0 14 1 16 1 16 1 16 1 16 
1000 82 1 287.681 238.404 0.757597 0.652723 -0.764463 -0.644668 0 100110101011000110001110 001111000100011101110001 3 0 1 1 0 0 0 1 1 0 0 0 0 0 1 1 0 0 0 0 14 1 16 1 16 
1000 83 1 279.667 248.286 -1 -0.000369212 -0.961253 -0.275668 0 100110101011000110001110 001111000100011101110001 3 0 1 1 0 0 0 1 1 0 0 0 0 0 1 1 0 0 0 0 14 1 16 1 16 1 16 1 16 1 16 
1000 84 1 279.043 265.217 -0.999792 0.0204039 0.759876 -0.650068 0 100110101011000110001110 001111000100011101110001 3 0 1 1 0 0 0 1 1 0 0 0 0 0 1 1 0 0 0 0 14 1 16 1 16 1 16 1 16 1 16 1 16 1 16 1 16 1 16 
1000 85 1 271.222 269.422 -0.83205 -0.5547 0.966838 0.255391 0 100110101011000110001110 001111000100011101110001 3 0 1 1 0 0 0 1 1 0 0 0 0 0 1 1 0 0 0 0 14 1 16 1 16 1 16 1 16 1 16 1 16 
1000 86 1 256.919 266.324 -0.914174 0.405322 0.988306 0.152482 0 100110101011000110001110 001111000100011101110001 3 0 1 1 0 0 0 1 1 0 0 0 0 0 1 1 0 0 0 0 14 1 16 1 16 1 16 1 16 
1000 88 1 244.941 278.471 -0.536367 -0.843985 -0.883217 0.468965 0 100110101011000110001110 001111000100011101110001 3 0 1 1 0 0 0 1 1 0 0 0 0 0 1 1 0 0 0 0 14 1 16 1 16 1 16 1 16 1 16 1 16 1 16 
1000 90 1 277.277 226.553 0.961008 0.27652 0.991098 -0.133133 0 100110101011000110001110 001111000100011101110001 3 0 1 1 0 0 0 1 1 0 0 0 0 0 1 1 0 0 0 0 14 1 16 1 16 1 16 
1000 92 1 264.512 232.465 -0.285008 0.958525 -0.983647 -0.180104 0 100110101011000110001110 001111000100011101110001 3 0 1 1 0 0 0 1 1 0 0 0 0 0 1 1 0 0 0 0 14 1 16 1 16 1 16 1 16 1 16 1 16 
1000 93 1 274.273 233.045 0.351703 -0.936112 -0.613941 0.789352 0 100110101011000110001110 001111000100011101110001 3 0 1 1 0 0 0 1 1 0 0 0 0 0 1 1 0 0 0 0 14 1 16 1 16 1 16 1 16 
1000 95 1 285.5 251.25 0.729828 0.683631 0.752989 -0.658033 0 100110101011000110001110 001111000100011101110001 3 0 1 1 0 0 0 1 1 0 0 0 0 0 1 1 0 0 0 0 14 1 16 1 16 1 16 1 16 
1000 97 1 254.028 272.444 0.892137 0.451765 0.981417 0.191887 0 100110101011000110001110 001111000100011101110001 3 0 1 1 0 0 0 1 1 0 0 0 0 0 1 1 0 0 0 0 14 1 16 1 16 1 16 1 16 1 16 1 16 1 16 
1000 98 1 258.217 287.652 0.797349 0.603518 -0.039968 -0.999201 0 100110101011000110001110 001111000100011101110001 3 0 1 1 0 0 0 1 1 0 0 0 0 0 1 1 0 0 0 0 14 1 16 1 16 1 16 1 16 1 16 
1000 99 1 250.842 283.816 -0.886856 -0.462046 0.568983 -0.822349 0 100110101011000110001110 001111000100011101110001 3 0 1 1 0 0 0 1 1 0 0 0 0 0 1 1 0 0 0 0 14 1 16 1 16 1 16 1 16 1 16 1 16 1 16 
1000 102 1 210.083 272.188 0.376584 -0.926382 0.575815 0.81758 0 100110101011000110001110 001111000100011101110001 3 0 1 1 0 0 0 1 1 0 0 0 0 0 1 1 0 0 0 0 14 1 16 1 16 1 16 1 16 1 16 
1000 103 1 206.917 233.396 -0.0473469 0.998879 -0.931321 -0.364199 0 100110101011000110001110 001111000100011101110001 3 0 1 1 0 0 0 1 1 0 0 0 0 0 1 1 0 0 0 0 14 1 16 1 16 1 16 1 16 1 16 
1000 104 1 209.864 257.182 -0.813951 -0.580934 -0.658505 -0.752577 0 100110101011000110001110 001111000100011101110001 3 0 1 1 0 0 0 1 1 0 0 0 0 0 1 1 0 0 0 0 14 1 16 1 16 1 16 1 16 1 16 1 16 
1000 105 1 219.171 249.366 0.876721 -0.480999 0.0908391 0.995866 0 100110101011000110001110 001111000100011101110001 3 0 1 1 0 0 0 1 1 0 0 0 0 0 1 1 0 0 0 0 14 1 16 1 16 1 16 1 16 1 16 1 16 
1000 107 1 224.881 229.976 -0.853013 -0.52189 -0.14661 0.989194 0 100110101011000110001110 001111000100011101110001 3 0 1 1 0 0 0 1 1 0 0 0 0 0 1 1 0 0 0 0 14 1 16 1 16 1 16 1 16 1 16 1 16 
1000 108 1 223.585 247.366 -0.819683 -0.572817 -0.92661 0.376025 0 100110101011000110001110 001111000100011101110001 3 0 1 1 0 0 0 1 1 0 0 0 0 0 1 1 0 0 0 0 14 1 16 1 16 1 16 1 16 1 16 
1000 111 1 227.786 289.024 0.269761 -0.962927 -1 0 0 100110101011000110001110 001111000100011101110001 3 0 1 1 0 0 0 1 1 0 0 0 0 0 1 1 0 0 0 0 14 1 16 1 16 1 16 1 16 
1000 112 1 231.862 269.759 -0.920672 -0.390337 0.581238 -0.813733 0 100110101011000110001110 001111000100011101110001 3 0 1 1 0 0 0 1 1 0 0 0 0 0 1 1 0 0 0 0 14 1 16 1 16 1 16 1 16 1 16 1 16 1 16 1 16 
1000 114 1 243.053 282.158 0.935067 -0.35447 0.273618 0.961838 0 100110101011000110001110 001111000100011101110001 3 0 1 1 0 0 0 1 1 0 0 0 0 0 1 1 0 0 0 0 14 1 16 1 16 1 16 1 16 1 16 1 16 1 16 
1000 115 1 243.375 288.275 0.936042 -0.351889 -0.896635 0.44277 0 100110101011000110001110 001111000100011101110001 3 0 1 1 0 0 0 1 1 0 0 0 0 0 1 1 0 0 0 0 14 1 16 1 16 1 16 1 16 1 16 1 16 
1000 116 1 242.429 254.714 0.982675 -0.185337 -0.537884 0.843019 0 100110101011000110001110 001111000100011101110001 3 0 1 1 0 0 0 1 1 0 0 0 0 0 1 1 0 0 0 0 14 1 16 1 16 1 16 1 16 
1000 119 1 248.556 257.5 0.875455 0.4833 0.907959 -0.419058 0 100110101011000110001110 001111000100011101110001 3 0 1 1 0 0 0 1 1 0 0 0 0 0 1 1 0 0 0 0 14 1 16 1 16 1 16 1 16 
1000 121 1 258.825 277.15 0.616036 -0.787718 0.981417 0.191887 0 100110101011000110001110 001111000100011101110001 3 0 1 1 0 0 0 1 1 0 0 0 0 0 1 1 0 0 0 0 14 1 16 1 16 1 16 1 16 1 16 1 16 
1000 122 1 257.467 220.956 -0.277133 0.960832 -0.99667 0.0815457 0 100110101011000110001110 001111000100011101110001 3 0 1 1 0 0 0 1 1 0 0 0 0 0 1 1 0 0 0 0 14 1 16 1 16 1 16 1 16 
1000 124 1 257.194 252.306 -0.951427 0.307873 -0.998183 -0.0602578 0 100110101011000110001110 001111000100011101110001 3 0 1 1 0 0 0 1 1 0 0 0 0 0 1 1 0 0 0 0 14 1 16 1 16 1 16 
1000 125 1 255.957 292.522 -0.477099 0.878849 -0.039968 -0.999201 0 100110101011000110001110 001111000100011101110001 3 0 1 1 0 0 0 1 1 0 0 0 0 0 1 1 0 0 0 0 14 1 16 1 16 1 16 
1000 126 1 256.524 232.524 0.767759 -0.640739 0.833297 0.552826 0 100110101011000110001110 001111000100011101110001 3 0 1 1 0 0 0 1 1 0 0 0 0 0 1 1 0 0 0 0 14 1 16 1 16 1 16 1 16 1 16 
1000 128 1 260.744 284.047 0.304304 -0.952575 0.92969 0.368344 0 100110101011000110001110 001111000100011101110001 3 0 1 1 0 0 0 1 1 0 0 0 0 0 1 1 0 0 0 0 14 1 16 1 16 1 16 1 16 
1000 132 1 268.156 278.356 0.634348 0.773048 -0.954319 0.29879 0 100110101011000110001110 001111000100011101110001 3 0 1 1 0 0 0 1 1 0 0 0 0 0 1 1 0 0 0 0 14 1 16 1 16 
1000 133 1 270.2 263.9 0.501703 -0.86504 0.188877 0.982001 0 100110101011000110001110 001111000100011101110001 3 0 1 1 0 0 0 1 1 0 0 0 0 0 1 1 0 0 0 0 14 1 16 1 16 1 16 1 16 1 16 
1000 134 1 273.293 246.854 0.00603357 -0.999982 -0.746717 0.665142 0 100110101011000110001110 001111000100011101110001 3 0 1 1 0 0 0 1 1 0 0 0 0 0 1 1 0 0 0 0 14 1 16 1 16 1 16 
1000 135 1 281.244 233.111 0.996031 0.089007 -0.613941 0.789352 0 100110101011000110001110 001111000100011101110001 3 0 1 1 0 0 0 1 1 0 0 0 0 0 1 1 0 0 0 0 14 1 16 1 16 1 16 
1000 138 1 280.708 258.021 -0.715638 0.698471 0.752989 -0.658033 0 100110101011000110001110 001111000100011101110001 3 0 1 1 0 0 0 1 1 0 0 0 0 0 1 1 0 0 0 0 14 1 16 1 16 1 16 1 16 1 16 1 16 
1000 140 1 215 236.302 0.993597 0.112979 -0.931321 -0.364199 0 100110101011000110001110 001111000100011101110001 3 0 1 1 0 0 0 1 1 0 0 0 0 0 1 1 0 0 0 0 14 1 16 1 16 1 16 1 16 1 16 1 16 
1000 141 1 215.86 259.744 -0.0541384 0.998533 -0.658505 -0.752577 0 100110101011000110001110 001111000100011101110001 3 0 1 1 0 0 0 1 1 0 0 0 0 0 1 1 0 0 0 0 14 1 16 1 16 1 16 1 16 
1000 142 1 236.297 279.919 -0.584912 -0.811097 0.273618 0.961838 0 100110101011000110001110 001111000100011101110001 3 0 1 1 0 0 0 1 1 0 0 0 0 0 1 1 0 0 0 0 14 1 16 1 16 1 16 1 16 1 16 1 16 1 16 1 16 1 16 
1000 143 1 234.757 289.081 0.9491 -0.314976 -0.896635 0.44277 0 100110101011000110001110 001111000100011101110001 3 0 1 1 0 0 0 1 1 0 0 0 0 0 1 1 0 0 0 0 14 1 16 1 16 1 16 1 16 1 16 
1000 144 1 240.114 268.8 0.967164 0.254154 0.581238 -0.813733 0 100110101011000110001110 001111000100011101110001 3 0 1 1 0 0 0 1 1 0 0 0 0 0 1 1 0 0 0 0 14 1 16 1 16 1 16 1 16 1 16 1 16 1 16 
1000 146 1 274.628 260.279 -0.945805 0.324734 0.188877 0.982001 0 100110101011000110001110 001111000100011101110001 3 0 1 1 0 0 0 1 1 0 0 0 0 0 1 1 0 0 0 0 14 1 16 1 16 1 16 1 16 1 16 
1000 147 1 287.065 256.543 0.123417 0.992355 0.752989 -0.658033 0 100110101011000110001110 001111000100011101110001 3 0 1 1 0 0 0 1 1 0 0 0 0 0 1 1 0 0 0 0 14 1 16 1 16 1 16 
1000 148 1 233.571 277.886 0.196938 -0.980416 0.273618 0.961838 0 100110101011000110001110 001111000100011101110001 3 0 1 1 0 0 0 1 1 0 0 0 0 0 1 1 0 0 0 0 14 1 16 1 16 1 16 1 16 1 16 1 16 
1000 149 1 234.933 268.433 -0.591417 0.806366 0.581238 -0.813733 0 100110101011000110001110 001111000100011101110001 3 0 1 1 0 0 0 1 1 0 0 0 0 0 1 1 0 0 0 0 14 1 16 1 16 1 16 1 16 
