0 1 1 212.146 213.667 -0.999343 -0.0362468 0.805748 -0.592259 1 100110101011000110001110 001111000100011101110001 3 0 1 1 0 0 0 1 1 0 0 0 0 0 1 1 0 0 0 0 14 1 16 1 16 
0 2 1 212.32 220.26 0.992135 0.125176 -0.417083 -0.908868 1 100110101011000110001110 001111000100011101110001 3 0 1 1 0 0 0 1 1 0 0 0 0 0 1 1 0 0 0 0 14 1 16 1 16 1 16 1 16 
0 3 1 213.694 226.755 -0.525595 -0.850735 0.22298 0.974823 1 100110101011000110001110 001111000100011101110001 3 0 1 1 0 0 0 1 1 0 0 0 0 0 1 1 0 0 0 0 14 1 16 1 16 1 16 1 16 1 16 
0 4 1 212.735 234.694 -0.978037 0.20843 -0.911996 -0.410199 1 100110101011000110001110 001111000100011101110001 3 0 1 1 0 0 0 1 1 0 0 0 0 0 1 1 0 0 0 0 14 1 16 1 16 1 16 1 16 
0 5 1 212.824 241.039 -0.722535 -0.691335 -0.804453 -0.594017 1 100110101011000110001110 001111000100011101110001 3 0 1 1 0 0 0 1 1 0 0 0 0 0 1 1 0 0 0 0 14 1 16 1 16 1 16 1 16 
0 6 1 212.86 248.18 0.511951 0.859015 0.710183 -0.704017 1 100110101011000110001110 001111000100011101110001 3 0 1 1 0 0 0 1 1 0 0 0 0 0 1 1 0 0 0 0 14 1 16 1 16 1 16 
0 7 1 212.4 255.42 -0.751139 -0.660144 0.749946 0.661499 1 100110101011000110001110 001111000100011101110001 3 0 1 1 0 0 0 1 1 0 0 0 0 0 1 1 0 0 0 0 14 1 16 1 16 1 16 1 16 1 16 
0 8 1 212.673 262.286 0.38262 0.923906 0.754606 -0.656179 1 100110101011000110001110 001111000100011101110001 3 0 1 1 0 0 0 1 1 0 0 0 0 0 1 1 0 0 0 0 14 1 16 1 16 1 16 1 16 
0 9 1 211.673 268.306 -0.0754212 -0.997152 0.900222 0.435431 1 100110101011000110001110 001111000100011101110001 3 0 1 1 0 0 0 1 1 0 0 0 0 0 1 1 0 0 0 0 14 1 16 1 16 1 16 
0 10 1 213.327 275.449 -0.887688 0.460445 0.43528 -0.900295 1 100110101011000110001110 001111000100011101110001 3 0 1 1 0 0 0 1 1 0 0 0 0 0 1 1 0 0 0 0 14 1 16 1 16 1 16 1 16 
0 11 1 212.796 282.633 -0.809088 -0.587688 0.918759 -0.394818 1 100110101011000110001110 001111000100011101110001 3 0 1 1 0 0 0 1 1 0 0 0 0 0 1 1 0 0 0 0 14 1 16 1 16 1 16 
0 12 1 220.102 213.245 -0.86974 0.493511 -0.122059 0.992523 1 100110101011000110001110 001111000100011101110001 3 0 1 1 0 0 0 1 1 0 0 0 0 0 1 1 0 0 0 0 14 1 16 1 16 1 16 
0 13 1 220.417 219.521 0.644183 0.764872 0.975022 -0.222109 1 100110101011000110001110 001111000100011101110001 3 0 1 1 0 0 0 1 1 0 0 0 0 0 1 1 0 0 0 0 14 1 16 1 16 1 16 1 16 1 16 1 16 1 16 
0 14 1 219.98 227.26 -0.608188 -0.793793 0.83972 -0.543019 1 100110101011000110001110 001111000100011101110001 3 0 1 1 0 0 0 1 1 0 0 0 0 0 1 1 0 0 0 1 16 1 16 1 16 1 16 1 16 
0 15 1 219.511 233.532 -0.423427 0.90593 -0.910866 0.412702 1 100110101011000110001110 001111000100011101110001 3 0 1 1 0 0 0 1 1 0 0 0 0 0 1 1 0 0 0 1 16 1 16 1 16 1 16 1 16 1 16 
0 16 1 220.519 240.962 0.999019 0.0442884 0.397125 -0.917765 1 100110101011000110001110 001111000100011101110001 3 0 1 1 0 0 0 1 1 0 0 0 0 0 1 1 0 0 0 0 14 1 16 1 16 1 16 1 16 1 16 1 16 1 16 
0 17 1 219.521 248 -0.327238 0.944942 0.062938 -0.998017 1 100110101011000110001110 001111000100011101110001 3 0 1 1 0 0 0 1 1 0 0 0 0 0 1 1 0 0 0 0 14 1 16 1 16 1 16 1 16 1 16 1 16 1 16 
0 18 1 219.447 255.723 0.677771 -0.735273 0.233727 0.972302 1 100110101011000110001110 001111000100011101110001 3 0 1 1 0 0 0 1 1 0 0 0 0 0 1 1 0 0 0 1 16 1 16 1 16 1 16 1 16 1 16 
0 19 1 219.714 262.51 -0.964732 -0.263235 -0.687665 -0.726028 1 100110101011000110001110 001111000100011101110001 3 0 1 1 0 0 0 1 1 0 0 0 0 0 1 1 0 0 0 1 16 1 16 1 16 1 16 1 16 1 16 1 16 
0 20 1 219.615 269.923 0.944565 0.328324 -0.560229 0.828338 1 100110101011000110001110 001111000100011101110001 3 0 1 1 0 0 0 1 1 0 0 0 0 0 1 1 0 0 0 1 16 1 16 1 16 1 16 1 16 1 16 1 16 
0 21 1 220 276.84 -0.383985 0.92334 -0.288571 0.957458 1 100110101011000110001110 001111000100011101110001 3 0 1 1 0 0 0 1 1 0 0 0 0 0 1 1 0 0 0 1 16 1 16 1 16 1 16 1 16 
0 22 1 219.843 283.667 0.977964 -0.208773 -0.976473 0.215638 1 100110101011000110001110 001111000100011101110001 3 0 1 1 0 0 0 1 1 0 0 0 0 0 1 1 0 0 0 0 14 1 16 1 16 1 16 1 16 
0 23 1 227.125 212.521 -0.490007 0.871718 0.920853 0.389911 1 100110101011000110001110 001111000100011101110001 3 0 1 1 0 0 0 1 1 0 0 0 0 0 1 1 0 0 0 0 14 1 16 1 16 1 16 1 16 
0 24 1 227.837 220.388 0.684582 -0.728936 -0.324998 -0.945715 1 100110101011000110001110 001111000100011101110001 3 0 1 1 0 0 0 1 1 0 0 0 0 0 1 1 0 0 0 1 16 1 16 1 16 1 16 1 16 1 16 
0 25 1 226.521 226.5 -0.618369 0.785888 -0.339839 -0.940484 1 100110101011000110001110 001111000100011101110001 3 0 1 1 0 0 0 1 1 0 0 0 0 0 1 1 0 0 0 1 16 1 16 1 16 1 16 1 16 1 16 1 16 
0 26 1 226.423 234.173 0.391976 0.919975 -0.938788 -0.344495 1 100110101011000110001110 001111000100011101110001 3 0 1 1 0 0 0 1 1 0 0 0 0 0 1 1 0 0 0 1 16 1 16 1 16 1 16 1 16 1 16 
0 27 1 227.48 241.26 0.416375 0.909193 0.285296 0.95844 1 100110101011000110001110 001111000100011101110001 3 0 1 1 0 0 0 1 1 0 0 0 0 0 1 1 0 0 0 1 16 1 16 1 16 1 16 1 16 1 16 
0 28 1 226.458 248.604 0.944576 0.328292 0.474018 -0.880515 1 100110101011000110001110 001111000100011101110001 3 0 1 1 0 0 0 1 1 0 0 0 0 0 1 1 0 0 0 1 16 1 16 1 16 1 16 1 16 1 16 1 16 1 16 
0 29 1 226.059 254.863 -0.453758 0.891125 -0.968344 0.249618 1 100110101011000110001110 001111000100011101110001 3 0 1 1 0 0 0 1 1 0 0 0 0 0 1 1 0 0 0 1 16 1 16 1 16 1 16 1 16 1 16 1 16 
0 30 1 227.18 262.08 -0.741239 -0.671242 -0.246856 0.969052 1 100110101011000110001110 001111000100011101110001 3 0 1 1 0 0 0 1 1 0 0 0 0 0 1 1 0 0 0 1 16 1 16 1 16 1 16 1 16 1 16 1 16 
0 31 1 226.51 268.735 -0.235283 0.971927 0.34256 -0.939496 1 100110101011000110001110 001111000100011101110001 3 0 1 1 0 0 0 1 1 0 0 0 0 0 1 1 0 0 0 1 16 1 16 1 16 1 16 1 16 1 16 
0 32 1 226.959 276.367 -0.941374 -0.337365 -0.174237 0.984704 1 100110101011000110001110 001111000100011101110001 3 0 1 1 0 0 0 1 1 0 0 0 0 0 1 1 0 0 0 0 14 1 16 1 16 1 16 1 16 1 16 1 16 
0 33 1 227.283 283.943 -0.761272 0.648432 0.999547 0.0300867 1 100110101011000110001110 001111000100011101110001 3 0 1 1 0 0 0 1 1 0 0 0 0 0 1 1 0 0 0 0 14 1 16 1 16 1 16 
0 34 1 233.898 213.347 -0.865165 -0.501487 -0.96603 0.258429 1 100110101011000110001110 001111000100011101110001 3 0 1 1 0 0 0 1 1 0 0 0 0 0 1 1 0 0 0 0 14 1 16 1 16 1 16 1 16 1 16 
0 35 1 234.633 220.388 0.587215 -0.809431 -0.49712 -0.867682 1 100110101011000110001110 001111000100011101110001 3 0 1 1 0 0 0 1 1 0 0 0 0 0 1 1 0 0 0 1 16 1 16 1 16 1 16 1 16 
0 36 1 234.163 227.449 0.021368 -0.999772 -0.938182 -0.346144 1 100110101011000110001110 001111000100011101110001 3 0 1 1 0 0 0 1 1 0 0 0 0 0 1 1 0 0 0 1 16 1 16 1 16 1 16 1 16 1 16 
0 37 1 233.804 233.961 -0.39015 -0.920751 0.870166 0.492759 1 100110101011000110001110 001111000100011101110001 3 0 1 1 0 0 0 1 1 0 0 0 0 0 1 1 0 0 0 1 16 1 16 1 16 1 16 1 16 1 16 1 16 
0 38 1 233.74 240.96 -0.434224 0.900805 0.734168 0.678968 1 100110101011000110001110 001111000100011101110001 3 0 1 1 0 0 0 1 1 0 0 0 0 0 1 1 0 0 0 1 16 1 16 1 16 1 16 1 16 1 16 
0 39 1 234.22 248.16 -0.988456 -0.151507 -0.0772875 -0.997009 1 100110101011000110001110 001111000100011101110001 3 0 1 1 0 0 0 1 1 0 0 0 0 0 1 1 0 0 0 1 16 1 16 1 16 1 16 1 16 1 16 1 16 
0 40 1 233.51 254.902 0.284059 0.958807 -0.936577 -0.350461 1 100110101011000110001110 001111000100011101110001 3 0 1 1 0 0 0 1 1 0 0 0 0 0 1 1 0 0 0 1 16 1 16 1 16 1 16 1 16 1 16 1 16 
0 41 1 233.938 261.792 0.874148 0.48566 -0.860736 -0.509051 1 100110101011000110001110 001111000100011101110001 3 0 1 1 0 0 0 1 1 0 0 0 0 0 1 1 0 0 0 1 16 1 16 1 16 1 16 1 16 
0 42 1 234.04 268.42 0.746816 -0.66503 0.892495 0.451056 1 100110101011000110001110 001111000100011101110001 3 0 1 1 0 0 0 1 1 0 0 0 0 0 1 1 0 0 0 1 16 1 16 1 16 1 16 1 16 1 16 
0 43 1 234.111 275.5 0.811244 -0.584707 -0.732539 -0.680725 1 100110101011000110001110 001111000100011101110001 3 0 1 1 0 0 0 1 1 0 0 0 0 0 1 1 0 0 0 0 14 1 16 1 16 1 16 1 16 1 16 1 16 1 16 
0 44 1 233.755 283.224 0.203762 0.97902 -0.961 0.276547 1 100110101011000110001110 001111000100011101110001 3 0 1 1 0 0 0 1 1 0 0 0 0 0 1 1 0 0 0 0 14 1 16 1 16 1 16 
0 45 1 241.367 212.02 0.836604 -0.547808 0.114665 0.993404 1 100110101011000110001110 001111000100011101110001 3 0 1 1 0 0 0 1 1 0 0 0 0 0 1 1 0 0 0 0 14 1 16 1 16 1 16 
0 46 1 241.314 218.941 -0.898102 0.439787 -0.995973 -0.0896591 1 100110101011000110001110 001111000100011101110001 3 0 1 1 0 0 0 1 1 0 0 0 0 0 1 1 0 0 0 1 16 1 16 1 16 1 16 1 16 1 16 1 16 
0 47 1 240.78 226.52 -0.431011 0.902347 -0.620394 -0.78429 1 100110101011000110001110 001111000100011101110001 3 0 1 1 0 0 0 1 1 0 0 0 0 0 1 1 0 0 0 1 16 1 16 1 16 1 16 1 16 
0 48 1 241.5 233.4 -0.512231 -0.858848 -0.650068 0.759876 1 100110101011000110001110 001111000100011101110001 3 0 1 1 0 0 0 1 1 0 0 0 0 0 1 1 0 0 0 1 16 1 16 1 16 1 16 1 16 1 16 
0 49 1 240.571 241.122 0.169481 -0.985534 -0.999633 0.0270985 1 100110101011000110001110 001111000100011101110001 3 0 1 1 0 0 0 1 1 0 0 0 0 0 1 1 0 0 0 1 16 1 16 1 16 1 16 1 16 1 16 1 16 
0 50 1 241.562 247.896 0.72074 -0.693206 -0.0623783 0.998053 1 100110101011000110001110 001111000100011101110001 3 0 1 1 0 0 0 1 1 0 0 0 0 0 1 1 0 0 0 1 16 1 16 1 16 1 16 1 16 1 16 
0 51 1 240.882 255.471 -0.913245 0.40741 0.874157 -0.485643 1 100110101011000110001110 001111000100011101110001 3 0 1 1 0 0 0 1 1 0 0 0 0 0 1 1 0 0 0 1 16 1 16 1 16 1 16 1 16 1 16 
0 52 1 240.68 262.72 -0.0854141 0.996346 -0.140213 -0.990121 1 100110101011000110001110 001111000100011101110001 3 0 1 1 0 0 0 1 1 0 0 0 0 0 1 1 0 0 0 1 16 1 16 1 16 1 16 1 16 1 16 1 16 
0 53 1 241.362 269.404 -0.530674 -0.847576 -0.928672 -0.370902 1 100110101011000110001110 001111000100011101110001 3 0 1 1 0 0 0 1 1 0 0 0 0 0 1 1 0 0 0 1 16 1 16 1 16 1 16 1 16 1 16 
0 54 1 240.917 276.354 0.103268 0.994654 -0.91728 0.398243 1 100110101011000110001110 001111000100011101110001 3 0 1 1 0 0 0 1 1 0 0 0 0 0 1 1 0 0 0 1 16 1 16 1 16 1 16 1 16 1 16 
0 55 1 240.796 283.898 0.509104 -0.860705 0.712975 -0.70119 1 100110101011000110001110 001111000100011101110001 3 0 1 1 0 0 0 1 1 0 0 0 0 0 1 1 0 0 0 0 14 1 16 1 16 1 16 1 16 
0 56 1 248.083 212.75 0.0324752 0.999473 0.07683 0.997044 1 100110101011000110001110 001111000100011101110001 3 0 1 1 0 0 0 1 1 0 0 0 0 0 1 1 0 0 0 0 14 1 16 1 16 1 16 1 16 
0 57 1 248.66 219.234 0.999956 0.00936223 0.34695 0.937884 1 100110101011000110001110 001111000100011101110001 3 0 1 1 0 0 0 1 1 0 0 0 0 0 1 1 0 0 0 1 16 1 16 1 16 1 16 1 16 
0 58 1 247.922 226.412 0.970123 -0.242613 -0.95262 -0.304163 1 100110101011000110001110 001111000100011101110001 3 0 1 1 0 0 0 1 1 0 0 0 0 0 1 1 0 0 0 1 16 1 16 1 16 1 16 1 16 1 16 1 16 1 16 
0 59 1 247.863 234.275 0.785812 -0.618466 -0.750934 -0.660377 1 100110101011000110001110 001111000100011101110001 3 0 1 1 0 0 0 1 1 0 0 0 0 0 1 1 0 0 0 1 16 1 16 1 16 1 16 1 16 1 16 
0 60 1 247.54 241.14 -0.937674 0.347516 -0.998895 0.0470068 1 100110101011000110001110 001111000100011101110001 3 0 1 1 0 0 0 1 1 0 0 0 0 0 1 1 0 0 0 1 16 1 16 1 16 1 16 1 16 
0 61 1 249.04 248.06 0.851143 0.524934 -0.722642 0.691223 1 100110101011000110001110 001111000100011101110001 3 0 1 1 0 0 0 1 1 0 0 0 0 0 1 1 0 0 0 1 16 1 16 1 16 1 16 1 16 1 16 
0 62 1 247.375 254.792 0.769079 -0.639154 0.723917 0.689887 1 100110101011000110001110 001111000100011101110001 3 0 1 1 0 0 0 1 1 0 0 0 0 0 1 1 0 0 0 1 16 1 16 1 16 1 16 1 16 1 16 
0 63 1 247.627 261.608 -0.471133 0.882062 0.95282 0.303537 1 100110101011000110001110 001111000100011101110001 3 0 1 1 0 0 0 1 1 0 0 0 0 0 1 1 0 0 0 1 16 1 16 1 16 1 16 1 16 1 16 
0 64 1 247.94 269.16 0.396122 -0.918198 -0.99246 -0.122571 1 100110101011000110001110 001111000100011101110001 3 0 1 1 0 0 0 1 1 0 0 0 0 0 1 1 0 0 0 1 16 1 16 1 16 1 16 1 16 1 16 1 16 1 16 
0 65 1 248.735 277.041 -0.915529 -0.402251 0.230557 0.973059 1 100110101011000110001110 001111000100011101110001 3 0 1 1 0 0 0 1 1 0 0 0 0 0 1 1 0 0 0 1 16 1 16 1 16 1 16 1 16 
0 66 1 247.14 282.96 0.310545 -0.950559 -0.781169 0.62432 1 100110101011000110001110 001111000100011101110001 3 0 1 1 0 0 0 1 1 0 0 0 0 0 1 1 0 0 0 0 14 1 16 1 16 1 16 1 16 
0 67 1 255.02 213.18 0.248508 0.96863 -0.99788 0.0650791 1 100110101011000110001110 001111000100011101110001 3 0 1 1 0 0 0 1 1 0 0 0 0 0 1 1 0 0 0 0 14 1 16 1 16 1 16 1 16 
0 68 1 254.673 220.857 -0.507982 -0.861368 -0.122155 0.992511 1 100110101011000110001110 001111000100011101110001 3 0 1 1 0 0 0 1 1 0 0 0 0 0 1 1 0 0 0 1 16 1 16 1 16 1 16 1 16 1 16 
0 69 1 256.058 227.154 0.909943 -0.414732 -0.966535 -0.256534 1 100110101011000110001110 001111000100011101110001 3 0 1 1 0 0 0 1 1 0 0 0 0 0 1 1 0 0 0 1 16 1 16 1 16 1 16 1 16 1 16 
0 70 1 254.776 233.714 -0.753721 0.657194 0.901586 -0.4326 1 100110101011000110001110 001111000100011101110001 3 0 1 1 0 0 0 1 1 0 0 0 0 0 1 1 0 0 0 1 16 1 16 1 16 1 16 1 16 1 16 
0 71 1 255 240.592 0.987131 0.159916 -0.903599 -0.428379 1 100110101011000110001110 001111000100011101110001 3 0 1 1 0 0 0 1 1 0 0 0 0 0 1 1 0 0 0 1 16 1 16 1 16 1 16 1 16 1 16 1 16 
0 72 1 255.306 248.061 -0.0642605 0.997933 -0.72001 0.693963 1 100110101011000110001110 001111000100011101110001 3 0 1 1 0 0 0 1 1 0 0 0 0 0 1 1 0 0 0 1 16 1 16 1 16 1 16 1 16 1 16 
0 73 1 254.68 255.14 0.424838 -0.90527 -0.997268 0.0738717 1 100110101011000110001110 001111000100011101110001 3 0 1 1 0 0 0 1 1 0 0 0 0 0 1 1 0 0 0 1 16 1 16 1 16 1 16 1 16 1 16 
0 74 1 254.44 262.58 0.60472 -0.796438 -0.104637 -0.994511 1 100110101011000110001110 001111000100011101110001 3 0 1 1 0 0 0 1 1 0 0 0 0 0 1 1 0 0 0 0 14 1 16 1 16 1 16 1 16 1 16 1 16 
0 75 1 256.72 269.66 0.757542 -0.652786 -0.435243 -0.900313 1 100110101011000110001110 001111000100011101110001 3 0 1 1 0 0 0 1 1 0 0 0 0 0 1 1 0 0 0 0 14 1 16 1 16 1 16 1 16 1 16 
0 76 1 254.019 275.096 0.68868 0.725066 -0.997037 -0.0769227 1 100110101011000110001110 001111000100011101110001 3 0 1 1 0 0 0 1 1 0 0 0 0 0 1 1 0 0 0 1 16 1 16 1 16 1 16 1 16 
0 77 1 255.16 282.74 0.822291 -0.569068 0.308864 -0.951106 1 100110101011000110001110 001111000100011101110001 3 0 1 1 0 0 0 1 1 0 0 0 0 0 1 1 0 0 0 0 14 1 16 1 16 1 16 1 16 1 16 
0 78 1 261.479 212.812 -0.853035 0.521854 -0.544988 -0.838444 1 100110101011000110001110 001111000100011101110001 3 0 1 1 0 0 0 1 1 0 0 0 0 0 1 1 0 0 0 0 14 1 16 1 16 1 16 1 16 
0 79 1 261.776 220.429 0.752231 0.658899 -0.294793 -0.955561 1 100110101011000110001110 001111000100011101110001 3 0 1 1 0 0 0 1 1 0 0 0 0 0 1 1 0 0 0 1 16 1 16 1 16 1 16 1 16 1 16 1 16 
0 80 1 262.755 227.918 0.825481 -0.564429 -0.902995 -0.429651 1 100110101011000110001110 001111000100011101110001 3 0 1 1 0 0 0 1 1 0 0 0 0 0 1 1 0 0 0 1 16 1 16 1 16 1 16 1 16 1 16 
0 81 1 262.373 234.922 -0.0667994 -0.997766 -0.659801 -0.75144 1 100110101011000110001110 001111000100011101110001 3 0 1 1 0 0 0 1 1 0 0 0 0 0 1 1 0 0 0 1 16 1 16 1 16 1 16 1 16 1 16 1 16 1 16 
0 82 1 262.122 241.837 -0.981711 -0.190376 -0.999735 -0.0230354 1 100110101011000110001110 001111000100011101110001 3 0 1 1 0 0 0 1 1 0 0 0 0 0 1 1 0 0 0 1 16 1 16 1 16 1 16 1 16 1 16 1 16 
0 83 1 262.68 247.9 -0.157452 -0.987527 0.895717 -0.444625 1 100110101011000110001110 001111000100011101110001 3 0 1 1 0 0 0 1 1 0 0 0 0 0 1 1 0 0 0 1 16 1 16 1 16 1 16 1 16 
0 84 1 261.128 254.766 -0.849496 -0.527595 -0.782263 0.622948 1 100110101011000110001110 001111000100011101110001 3 0 1 1 0 0 0 1 1 0 0 0 0 0 1 1 0 0 0 1 16 1 16 1 16 1 16 1 16 
0 85 1 262.18 261.08 -0.10513 0.994459 -0.734377 0.678742 1 100110101011000110001110 001111000100011101110001 3 0 1 1 0 0 0 1 1 0 0 0 0 0 1 1 0 0 0 0 14 1 16 1 16 1 16 1 16 1 16 1 16 
0 86 1 263.213 268.383 -0.873287 0.487206 -0.830794 -0.55658 1 100110101011000110001110 001111000100011101110001 3 0 1 1 0 0 0 1 1 0 0 0 0 0 1 1 0 0 0 0 14 1 16 1 16 1 16 1 16 1 16 
0 87 1 261.52 276.34 0.95086 -0.309621 -0.729201 0.6843 1 100110101011000110001110 001111000100011101110001 3 0 1 1 0 0 0 1 1 0 0 0 0 0 1 1 0 0 0 1 16 1 16 1 16 1 16 1 16 1 16 1 16 
0 88 1 262.745 283.34 -0.133348 -0.991069 -0.356741 -0.934203 1 100110101011000110001110 001111000100011101110001 3 0 1 1 0 0 0 1 1 0 0 0 0 0 1 1 0 0 0 0 14 1 16 1 16 1 16 1 16 
0 89 1 268.38 214.6 -0.728855 0.684668 0.380375 0.924832 1 100110101011000110001110 001111000100011101110001 3 0 1 1 0 0 0 1 1 0 0 0 0 0 1 1 0 0 0 0 14 1 16 1 16 1 16 1 16 
0 90 1 269.82 220.54 0.538433 -0.842669 -0.223196 -0.974774 1 100110101011000110001110 001111000100011101110001 3 0 1 1 0 0 0 1 1 0 0 0 0 0 1 1 0 0 0 0 14 1 16 1 16 1 16 
0 91 1 269.286 226.653 -0.999489 0.0319523 -0.911705 0.410844 1 100110101011000110001110 001111000100011101110001 3 0 1 1 0 0 0 1 1 0 0 0 0 0 1 1 0 0 0 0 14 1 16 1 16 1 16 1 16 1 16 
0 92 1 269.667 234.104 0.851476 0.524393 -0.754485 -0.656318 1 100110101011000110001110 001111000100011101110001 3 0 1 1 0 0 0 1 1 0 0 0 0 0 1 1 0 0 0 0 14 1 16 1 16 1 16 1 16 1 16 
0 93 1 269.327 241.082 0.736857 0.676049 0.54456 0.838722 1 100110101011000110001110 001111000100011101110001 3 0 1 1 0 0 0 1 1 0 0 0 0 0 1 1 0 0 0 0 14 1 16 1 16 1 16 1 16 
0 94 1 270.462 248.25 -0.959715 0.280976 -0.759962 0.649968 1 100110101011000110001110 001111000100011101110001 3 0 1 1 0 0 0 1 1 0 0 0 0 0 1 1 0 0 0 0 14 1 16 1 16 1 16 1 16 
0 95 1 268.5 254.375 0.0389526 -0.999241 0.769604 -0.638522 1 100110101011000110001110 001111000100011101110001 3 0 1 1 0 0 0 1 1 0 0 0 0 0 1 1 0 0 0 0 14 1 16 1 16 1 16 1 16 1 16 
0 96 1 269.098 261.902 0.808134 0.588999 -0.581238 -0.813733 1 100110101011000110001110 001111000100011101110001 3 0 1 1 0 0 0 1 1 0 0 0 0 0 1 1 0 0 0 0 14 1 16 1 16 1 16 1 16 
0 97 1 269.082 269.653 0.764988 -0.644044 -0.239158 -0.970981 1 100110101011000110001110 001111000100011101110001 3 0 1 1 0 0 0 1 1 0 0 0 0 0 1 1 0 0 0 0 14 1 16 1 16 1 16 1 16 
0 98 1 268.857 276.796 -0.77024 -0.637754 0.970143 -0.242536 1 100110101011000110001110 001111000100011101110001 3 0 1 1 0 0 0 1 1 0 0 0 0 0 1 1 0 0 0 0 14 1 16 1 16 1 16 1 16 
0 99 1 269.184 283.571 -0.548069 0.836433 -0.966254 0.25759 1 100110101011000110001110 001111000100011101110001 3 0 1 1 0 0 0 1 1 0 0 0 0 0 1 1 0 0 0 0 14 1 16 1 16 
0 100 1 275.6 211.5 -0.991603 0.129322 -0.397405 -0.917643 1 100110101011000110001110 001111000100011101110001 3 0 1 1 0 0 0 1 1 0 0 0 0 0 1 1 0 0 0 0 14 1 16 
